-0.012
0.045
0.067
0.068
0.072
0.085
0.088
0.082
0.072
0.118
0.062
0.058
0.05
0.052
0.051
0.064
0.059
0.063
0.079
0.047
0.068
0.049
0.057
0.041
0.043
0.048
0.047
0.057
0.062
0.056
0.056
0.059
0.07
0.066
0.074
0.075
0.075
0.066
0.068
0.08
0.077
0.079
0.071
0.074
0.072
0.072
0.078
0.045
0.049
0.053
0.051
0.059
0.053
0.063
0.068
0.063
0.072
0.074
0.075
0.077
0.078
0.069
0.079
0.071
0.082
0.082
0.08
0.078
0.078
0.062
0.073
0.069
0.051
0.059
0.063
0.066
0.074
0.072
0.077
0.074
0.068
0.084
0.082
0.079
0.085
0.081
0.09
0.086
0.085
0.083
0.084
0.09
0.088
0.085
0.076
0.077
0.073
0.064
0.096
0.075
0.064
0.058
0.065
0.07
0.073
0.079
0.081
0.084
0.083
0.082
0.086
0.09
0.091
0.092
0.09
0.094
0.095
0.093
0.092
0.085
0.097
0.094
0.086
0.087
0.092
0.091
0.097
0.084
0.092
0.086
0.068
0.067
0.074
0.081
0.082
0.09
0.087
0.09
0.093
0.092
0.093
0.096
0.098
0.099
0.099
0.098
0.101
0.098
0.097
0.102
0.1
0.099
0.1
0.097
0.084
0.095
0.097
0.097
0.079
0.078
0.073
0.076
0.082
0.091
0.094
0.086
0.096
0.094
0.091
0.102
0.102
0.103
0.103
0.105
0.107
0.107
0.104
0.108
0.105
0.097
0.101
0.164
0.122
0.109
0.107
0.113
0.103
0.104
0.163
0.085
0.072
0.084
0.088
0.096
0.098
0.099
0.103
0.1
0.102
0.105
0.098
0.109
0.11
0.107
0.099
0.116
0.116
0.116
0.108
0.108
0.106
0.115
0.107
0.108
0.107
0.115
0.117
0.117
0.103
0.097
0.083
0.089
0.096
0.105
0.103
0.11
0.109
0.105
0.109
0.111
0.114
0.115
0.112
0.115
0.116
0.111
0.116
0.118
0.113
0.12
0.116
0.119
0.111
0.109
0.112
0.12
0.123
0.064
0.116
0.107
0.095
0.088
0.1
0.106
0.112
0.107
0.114
0.113
0.119
0.114
0.115
0.113
0.114
0.119
0.113
0.119
0.126
0.124
0.124
0.118
0.127
0.124
0.112
0.116
0.111
0.124
0.116
0.132
0.132
0.113
0.111
0.095
0.096
0.107
0.115
0.117
0.116
0.114
0.122
0.123
0.117
0.123
0.12
0.118
0.128
0.127
0.126
0.122
0.128
0.129
0.127
0.128
0.227
0.115
0.115
0.119
0.132
0.131
0.12
0.121
0.122
0.109
0.098
0.105
0.116
0.124
0.122
0.12
0.119
0.118
0.124
0.125
0.119
0.13
0.131
0.131
0.126
0.136
0.137
0.134
0.131
0.133
0.129
0.126
0.121
0.123
0.12
0.126
0.145
0.128
0.128
0.118
0.106
0.106
0.119
0.122
0.124
0.13
0.132
0.12
0.13
0.133
0.13
0.131
0.126
0.137
0.137
0.13
0.126
0.138
0.137
0.139
0.183
0.141
0.13
0.132
0.132
0.134
0.146
0.129
0.146
0.173
0.135
0.11
0.113
0.12
0.131
0.128
0.132
0.133
0.137
0.128
0.126
0.134
0.138
0.139
0.142
0.136
0.143
0.142
0.137
0.143
0.133
0.146
0.138
0.141
0.134
0.134
0.127
0.14
0.144
0.123
0.135
0.123
0.115
0.119
0.127
0.137
0.137
0.137
0.141
0.139
0.131
0.14
0.14
0.138
0.141
0.136
0.15
0.147
0.147
0.152
0.149
0.146
0.146
0.141
0.139
0.144
0.137
0.144
0.145
0.141
0.136
0.138
0.124
0.124
0.123
0.13
0.14
0.143
0.144
0.144
0.142
0.138
0.147
0.146
0.146
0.148
0.15
0.151
0.153
0.151
0.151
0.147
0.153
0.156
0.141
0.151
0.147
0.146
0.159
0.148
0.154
0.141
0.143
0.133
0.127
0.127
0.138
0.144
0.148
0.149
0.149
0.147
0.15
0.151
0.14
0.144
0.15
0.15
0.16
0.158
0.156
0.156
0.156
0.163
0.151
0.152
0.151
0.152
0.16
0.156
0.16
0.156
0.156
0.15
0.14
0.129
0.13
0.143
0.152
0.185
0.151
0.153
0.155
0.159
0.155
0.156
0.155
0.159
0.183
0.162
0.157
0.162
0.162
0.16
0.162
0.156
0.16
0.154
0.158
0.151
0.171
0.157
0.155
0.167
0.146
0.142
0.142
0.141
0.148
0.155
0.156
0.16
0.156
0.156
0.156
0.154
0.157
0.165
0.166
0.161
0.157
0.164
0.168
0.164
0.165
0.168
0.162
0.167
0.169
0.157
0.154
0.181
0.156
0.165
0.169
0.152
0.153
0.148
0.149
0.155
0.159
0.164
0.168
0.164
0.165
0.158
0.166
0.162
0.17
0.171
0.169
0.172
0.175
0.173
0.179
0.174
0.175
0.178
0.179
0.174
0.172
0.163
0.18
0.177
0.183
0.175
0.157
0.152
0.158
0.154
0.16
0.165
0.17
0.176
0.173
0.173
0.17
0.172
0.172
0.175
0.177
0.173
0.178
0.18
0.179
0.179
0.183
0.191
0.182
0.175
0.175
0.172
0.189
0.188
0.184
0.178
0.166
0.167
0.165
0.163
0.16
0.165
0.174
0.181
0.184
0.179
0.173
0.182
0.179
0.181
0.184
0.185
0.188
0.186
0.185
0.19
0.183
0.192
0.182
0.193
0.183
0.183
0.194
0.19
0.192
0.182
0.182
0.175
0.174
0.173
0.175
0.171
0.179
0.184
0.191
0.188
0.19
0.193
0.189
0.187
0.189
0.193
0.185
0.191
0.197
0.196
0.197
0.193
0.19
0.198
0.194
0.202
0.199
0.202
0.207
0.206
0.205
0.185
0.194
0.19
0.181
0.178
0.186
0.191
0.198
0.196
0.2
0.203
0.202
0.198
0.204
0.197
0.203
0.206
0.206
0.206
0.205
0.21
0.206
0.211
0.207
0.207
0.208
0.204
0.211
0.212
0.214
0.203
0.206
0.203
0.196
0.195
0.193
0.198
0.205
0.207
0.208
0.213
0.214
0.214
0.199
0.21
0.209
0.216
0.217
0.214
0.222
0.223
0.223
0.221
0.224
0.223
0.221
0.225
0.228
0.189
0.219
0.223
0.219
0.213
0.208
0.206
0.214
0.214
0.215
0.221
0.226
0.227
0.228
0.229
0.227
0.221
0.23
0.231
0.236
0.236
0.232
0.24
0.23
0.243
0.233
0.242
0.242
0.245
0.251
0.244
0.236
0.247
0.227
0.227
0.233
0.23
0.231
0.231
0.24
0.243
0.25
0.249
0.253
0.253
0.244
0.25
0.256
0.254
0.258
0.26
0.263
0.263
0.263
0.261
0.269
0.269
0.276
0.258
0.272
0.261
0.274
0.271
0.251
0.259
0.261
0.255
0.261
0.265
0.271
0.267
0.278
0.283
0.279
0.285
0.278
0.282
0.292
0.287
0.291
0.29
0.294
0.301
0.304
0.288
0.305
0.303
0.304
0.288
0.314
0.304
0.291
0.302
0.295
0.301
0.304
0.305
0.298
0.304
0.313
0.314
0.32
0.316
0.324
0.322
0.321
0.32
0.316
0.322
0.327
0.324
0.334
0.323
0.342
0.343
0.344
0.332
0.329
0.332
0.336
0.339
0.341
0.342
0.337
0.346
0.34
0.346
0.344
0.412
0.358
0.352
0.362
0.361
0.364
0.368
0.366
0.372
0.371
0.374

