0.038
0.028
0.017
0.011
0.009
0.008
0.008
0.008
0.009
0.015
0.026
0.037
0.05
0.062
0.075
0.085
0.094
0.102
0.109
0.117
0.124
0.131
0.139
0.158
0.173
0.188
0.204
0.214
0.226
0.237
0.243
0.255
0.264
0.273
0.283
0.293
0.302
0.311
0.321
0.329
0.337
0.345
0.35
0.359
0.366
0.369
0.376
0.393
0.41
0.424
0.438
0.452
0.463
0.474
0.483
0.493
0.502
0.512
0.522
0.533
0.543
0.554
0.562
0.571
0.579
0.586
0.598
0.607
0.615
0.62
0.63
0.643
0.663
0.678
0.69
0.702
0.713
0.724
0.735
0.745
0.755
0.764
0.773
0.782
0.79
0.799
0.808
0.817
0.828
0.835
0.844
0.852
0.859
0.869
0.879
0.889
0.898
0.904
0.911
0.919
0.935
0.955
0.97
0.983
0.994
1.004
1.015
1.025
1.035
1.044
1.053
1.062
1.071
1.081
1.09
1.099
1.108
1.118
1.127
1.134
1.143
1.151
1.16
1.171
1.182
1.19
1.197
1.202
1.21
1.223
1.242
1.26
1.272
1.285
1.295
1.305
1.315
1.324
1.334
1.344
1.353
1.362
1.371
1.38
1.388
1.396
1.406
1.415
1.424
1.433
1.443
1.454
1.463
1.474
1.484
1.491
1.496
1.502
1.513
1.527
1.546
1.563
1.574
1.585
1.595
1.605
1.615
1.624
1.634
1.644
1.653
1.662
1.67
1.68
1.689
1.697
1.706
1.716
1.725
1.735
1.744
1.754
1.765
1.775
1.783
1.79
1.796
1.802
1.813
1.829
1.849
1.864
1.874
1.886
1.895
1.905
1.914
1.925
1.935
1.944
1.953
1.963
1.971
1.981
1.989
1.998
2.007
2.017
2.026
2.035
2.044
2.055
2.065
2.075
2.084
2.091
2.097
2.104
2.113
2.128
2.147
2.164
2.175
2.186
2.196
2.206
2.215
2.224
2.234
2.245
2.255
2.263
2.272
2.281
2.29
2.299
2.307
2.317
2.326
2.335
2.345
2.355
2.364
2.376
2.385
2.392
2.398
2.405
2.413
2.426
2.445
2.463
2.475
2.486
2.496
2.506
2.515
2.525
2.534
2.545
2.554
2.564
2.572
2.582
2.591
2.6
2.609
2.617
2.626
2.637
2.645
2.656
2.665
2.676
2.686
2.695
2.701
2.707
2.714
2.724
2.743
2.76
2.776
2.787
2.797
2.807
2.815
2.825
2.834
2.845
2.855
2.864
2.873
2.883
2.891
2.9
2.909
2.917
2.927
2.936
2.946
2.956
2.965
2.976
2.986
2.997
3.003
3.009
3.017
3.024
3.039
3.055
3.073
3.087
3.097
3.107
3.116
3.125
3.135
3.145
3.155
3.165
3.174
3.184
3.192
3.201
3.21
3.218
3.228
3.239
3.247
3.256
3.265
3.275
3.286
3.296
3.305
3.312
3.317
3.325
3.336
3.351
3.369
3.386
3.397
3.408
3.417
3.425
3.436
3.446
3.455
3.465
3.474
3.484
3.494
3.503
3.511
3.52
3.529
3.538
3.548
3.557
3.566
3.576
3.585
3.596
3.605
3.614
3.621
3.626
3.635
3.647
3.662
3.68
3.696
3.709
3.718
3.727
3.736
3.746
3.756
3.765
3.774
3.785
3.794
3.804
3.813
3.822
3.83
3.839
3.849
3.857
3.867
3.876
3.886
3.897
3.907
3.916
3.924
3.93
3.939
3.944
3.956
3.972
3.991
4.008
4.019
4.027
4.037
4.046
4.056
4.066
4.075
4.085
4.094
4.105
4.113
4.122
4.131
4.141
4.149
4.159
4.168
4.177
4.187
4.197
4.207
4.216
4.226
4.233
4.24
4.248
4.256
4.269
4.284
4.303
4.318
4.329
4.338
4.347
4.357
4.366
4.375
4.386
4.396
4.406
4.414
4.423
4.432
4.442
4.451
4.459
4.469
4.478
4.487
4.498
4.507
4.516
4.526
4.536
4.544
4.551
4.557
4.566
4.579
4.595
4.612
4.628
4.639
4.648
4.658
4.668
4.676
4.686
4.695
4.706
4.715
4.724
4.733
4.742
4.751
4.762
4.769
4.779
4.788
4.799
4.807
4.817
4.827
4.837
4.846
4.853
4.86
4.867
4.877
4.89
4.905
4.922
4.938
4.95
4.959
4.968
4.977
4.987
4.996
5.006
5.015
5.025
5.034
5.044
5.053
5.063
5.073
5.083
5.089
5.099
5.108
5.117
5.127
5.137
5.147
5.155
5.162
5.17
5.176
5.187
5.201
5.216
5.233
5.248
5.26
5.27
5.278
5.288
5.297
5.306
5.316
5.325
5.335
5.344
5.353
5.363
5.372
5.382
5.391
5.4
5.409
5.419
5.427
5.438
5.447
5.458
5.465
5.472
5.478
5.486
5.491
5.512
5.527
5.543
5.557
5.57
5.58
5.589
5.598
5.607
5.616
5.626
5.636
5.646
5.655
5.665
5.673
5.683
5.692
5.701
5.71
5.719
5.728
5.739
5.747
5.757
5.766
5.774
5.78
5.788
5.796
5.807
5.822
5.837
5.852
5.868
5.88
5.891
5.899
5.908
5.917
5.927
5.936
5.945
5.955
5.965
5.974
5.984
5.992
6.001
6.011
6.02
6.029
6.038
6.047
6.057
6.066
6.076
6.083
6.09
6.097
6.106
6.118
6.134
6.148
6.162
6.178
6.191
6.2
6.21
6.218
6.227
6.236
6.246
6.256
6.265
6.274
6.284
6.293
6.302
6.312
6.32
6.33
6.339
6.351
6.357
6.366
6.376
6.386
6.393
6.401
6.41
6.416
6.43
6.445
6.459
6.473
6.489
6.501
6.51
6.519
6.529
6.537
6.546
6.556
6.565
6.575
6.585
6.594
6.603
6.612
6.621
6.631
6.64
6.651
6.658
6.666
6.676
6.687
6.694
6.701
6.708
6.716
6.727
6.742
6.756
6.77
6.785
6.798
6.81
6.82
6.828
6.837
6.847
6.855
6.865
6.874
6.884
6.894
6.903
6.912
6.921
6.93
6.939
6.949
6.959
6.967
6.977
6.986
6.994
7.002
7.009
7.017
7.027
7.041
7.056
7.068
7.082
7.097
7.11
7.121
7.13
7.138
7.147
7.155
7.166
7.175
7.184
7.194
7.203
7.212
7.221
7.23
7.24
7.249
7.259
7.268
7.277
7.286
7.294
7.302
7.309
7.316
7.327
7.339
7.355
7.367
7.382
7.395
7.409
7.42
7.43
7.438
7.448
7.456
7.466
7.474
7.483
7.493
7.502
7.512
7.522
7.53
7.539
7.549
7.559
7.567
7.577
7.585
7.593
7.601
7.609
7.617
7.628
7.641
7.655
7.668
7.682
7.695
7.709
7.72
7.729
7.738
7.747
7.756
7.766
7.773
7.783
7.793
7.803
7.813
7.821
7.829
7.84
7.848
7.857
7.866
7.875
7.883
7.892
7.899
7.907
7.917
7.93
7.943
7.957
7.969
7.983
7.996
8.008
8.019
8.028
8.037
8.046
8.055
8.065
8.073
8.082
8.092
8.102
8.111
8.119
8.129
8.139
8.146
8.156
8.164
8.172
8.181
8.188
8.196
8.208
8.222
8.235
8.248
8.262
8.272
8.285
8.297
8.308
8.318
8.327
8.335
8.345
8.354
8.363
8.373
8.382
8.392
8.4
8.41
8.418
8.428
8.436
8.445
8.453
8.461
8.47
8.479
8.488
8.501
8.514
8.527
8.54
8.552
8.564
8.575
8.587
8.598
8.608
8.618
8.627
8.636
8.645
8.654
8.663
8.672
8.681
8.691
8.7

