-5.90E-02
-3.40E-02
-3.20E-02
-2.90E-02
-1.50E-02
-9.00E-03
-8.00E-03
-4.00E-03
-1.30E-02
-9.00E-03
-2.90E-02
-2.60E-02
-2.80E-02
-3.10E-02
-2.20E-02
-2.50E-02
-2.60E-02
-2.50E-02
-2.80E-02
-2.40E-02
-3.40E-02
-3.50E-02
-1.30E-02
-2.70E-02
-2.50E-02
-2.70E-02
-3.10E-02
-3.00E-02
-2.90E-02
-2.30E-02
-2.00E-02
-1.50E-02
-1.30E-02
-1.40E-02
-1.40E-02
-1.70E-02
-8.00E-03
-8.00E-03
-1.10E-02
-1.30E-02
-2.90E-02
-3.40E-02
-3.00E-02
-2.30E-02
-1.70E-02
-1.70E-02
-1.80E-02
-1.40E-02
-1.30E-02
-9.00E-03
-8.00E-03
-5.00E-03
-2.00E-03
-4.00E-03
0.00E+00
-5.00E-03
-1.00E-03
6.00E-03
-1.00E-03
6.00E-03
-1.00E-03
1.00E-03
0.00E+00
-2.00E-03
4.00E-03
1.00E-02
1.00E-02
0.00E+00
-5.00E-03
-1.40E-02
-2.60E-02
-1.60E-02
-8.00E-03
-3.00E-03
0.00E+00
-1.00E-03
-1.00E-03
1.00E-03
0.00E+00
8.00E-03
1.00E-02
5.00E-03
1.40E-02
1.20E-02
1.30E-02
1.20E-02
1.30E-02
1.60E-02
9.00E-03
1.60E-02
1.30E-02
9.00E-03
8.00E-03
1.30E-02
2.40E-02
2.00E-02
2.40E-02
1.00E-02
4.00E-03
-8.00E-03
-7.00E-03
4.00E-03
1.10E-02
9.00E-03
1.20E-02
1.10E-02
1.10E-02
1.60E-02
1.50E-02
1.90E-02
2.00E-02
1.10E-02
2.70E-02
2.50E-02
2.70E-02
2.70E-02
3.00E-02
3.10E-02
3.10E-02
2.90E-02
2.60E-02
2.10E-02
3.00E-02
3.10E-02
3.40E-02
3.50E-02
2.70E-02
2.60E-02
1.30E-02
4.00E-03
9.00E-03
2.00E-02
2.20E-02
2.70E-02
3.10E-02
3.00E-02
2.90E-02
3.20E-02
3.00E-02
3.30E-02
3.60E-02
3.80E-02
3.90E-02
3.90E-02
3.70E-02
4.20E-02
4.00E-02
4.60E-02
3.90E-02
4.00E-02
4.10E-02
3.80E-02
4.60E-02
4.50E-02
4.70E-02
4.90E-02
4.60E-02
3.80E-02
2.80E-02
2.00E-02
2.90E-02
3.60E-02
4.00E-02
4.30E-02
4.40E-02
4.40E-02
4.60E-02
4.60E-02
4.80E-02
5.30E-02
5.00E-02
5.50E-02
5.80E-02
5.60E-02
5.80E-02
5.70E-02
6.20E-02
6.20E-02
6.00E-02
6.00E-02
6.00E-02
5.50E-02
6.50E-02
7.00E-02
6.60E-02
6.50E-02
5.40E-02
5.40E-02
4.70E-02
3.70E-02
4.60E-02
5.50E-02
6.10E-02
6.30E-02
6.70E-02
6.60E-02
6.50E-02
7.10E-02
6.90E-02
7.10E-02
7.40E-02
7.40E-02
8.10E-02
8.00E-02
8.30E-02
7.10E-02
8.00E-02
8.40E-02
8.30E-02
8.00E-02
8.30E-02
8.10E-02
9.00E-02
8.80E-02
8.40E-02
8.60E-02
8.50E-02
8.00E-02
7.50E-02
6.90E-02
7.20E-02
8.30E-02
9.10E-02
9.30E-02
9.00E-02
9.10E-02
9.20E-02
9.60E-02
9.60E-02
9.80E-02
1.03E-01
1.07E-01
1.08E-01
1.11E-01
1.14E-01
1.15E-01
1.18E-01
1.14E-01
1.19E-01
1.17E-01
1.17E-01
1.20E-01
1.27E-01
1.26E-01
1.30E-01
1.23E-01
1.21E-01
1.22E-01
1.17E-01
1.11E-01
1.12E-01
1.20E-01
1.28E-01
1.31E-01
1.37E-01
1.37E-01
1.40E-01
1.42E-01
1.41E-01
1.47E-01
1.50E-01
1.54E-01
1.57E-01
1.56E-01
1.63E-01
1.61E-01
1.62E-01
1.67E-01
1.66E-01
1.71E-01
1.67E-01
1.69E-01
1.77E-01
1.81E-01
1.83E-01
1.89E-01
1.86E-01
1.81E-01
1.77E-01
1.79E-01
1.76E-01
1.82E-01
1.95E-01
1.99E-01
2.09E-01
2.09E-01
2.10E-01
2.14E-01
2.15E-01
2.20E-01
2.25E-01
2.30E-01
2.33E-01
2.35E-01
2.41E-01
2.43E-01
2.51E-01
2.57E-01
2.55E-01
2.60E-01
2.61E-01
2.64E-01
2.72E-01
2.76E-01
2.82E-01
2.81E-01
2.73E-01
2.75E-01
2.81E-01
2.89E-01
2.92E-01
2.98E-01
3.07E-01
3.18E-01
3.26E-01
3.35E-01
3.40E-01
3.45E-01
3.49E-01
3.57E-01
3.62E-01
3.73E-01
3.76E-01
3.82E-01
3.93E-01
3.95E-01
4.05E-01
4.13E-01
4.17E-01
4.24E-01
4.24E-01
4.35E-01
4.34E-01
4.52E-01
4.56E-01
4.59E-01
4.71E-01
4.78E-01
4.87E-01
4.96E-01
5.10E-01
5.23E-01
5.35E-01
5.51E-01
5.65E-01
5.79E-01
5.90E-01
6.02E-01
6.07E-01
6.22E-01
6.33E-01
6.49E-01
6.59E-01
6.70E-01
6.86E-01
6.97E-01
7.14E-01
7.27E-01
7.37E-01
7.50E-01
7.61E-01
7.77E-01
7.79E-01
7.99E-01
8.15E-01
8.38E-01
8.45E-01
8.82E-01
9.06E-01
9.27E-01
9.50E-01
9.73E-01
9.96E-01
1.02E+00
1.05E+00
1.07E+00
1.10E+00
1.12E+00
1.14E+00
1.17E+00
1.19E+00
1.22E+00
1.24E+00
1.26E+00
1.28E+00
1.31E+00
1.34E+00
1.36E+00
1.38E+00
1.40E+00
1.43E+00
1.46E+00
1.50E+00
1.53E+00
1.58E+00
1.61E+00
1.65E+00
1.69E+00
1.72E+00
1.76E+00
1.79E+00
1.83E+00
1.87E+00
1.91E+00
1.95E+00
1.98E+00
2.02E+00
2.05E+00
2.09E+00
2.12E+00
2.16E+00
2.20E+00
2.23E+00
2.26E+00
2.29E+00
2.33E+00
2.37E+00
2.39E+00
2.43E+00
2.46E+00
2.50E+00
2.50E+00
