5.0000E-02
4.1000E-02
3.5000E-02
3.2000E-02
3.1000E-02
3.0000E-02
2.9000E-02
2.9000E-02
3.1000E-02
3.7000E-02
4.7000E-02
5.9000E-02
7.0000E-02
7.8000E-02
8.8000E-02
9.7000E-02
1.0400E-01
1.0800E-01
1.1000E-01
1.2100E-01
1.3800E-01
1.5000E-01
1.6200E-01
1.7300E-01
1.8500E-01
2.0200E-01
2.1900E-01
2.3500E-01
2.4700E-01
2.6100E-01
2.6900E-01
2.8000E-01
2.9100E-01
2.9900E-01
3.1000E-01
3.1900E-01
3.2400E-01
3.3100E-01
3.3900E-01
3.5200E-01
3.7100E-01
3.8900E-01
4.0200E-01
4.1300E-01
4.2400E-01
4.3300E-01
4.4300E-01
4.5300E-01
4.6300E-01
4.7300E-01
4.8100E-01
4.9100E-01
4.9900E-01
5.0800E-01
5.1700E-01
5.2600E-01
5.3400E-01
5.4400E-01
5.5200E-01
5.6200E-01
5.7100E-01
5.8200E-01
5.9200E-01
6.0100E-01
6.0900E-01
6.1500E-01
6.2100E-01
6.2900E-01
6.4200E-01
6.6100E-01
6.8000E-01
6.9300E-01
7.0400E-01
7.1400E-01
7.2400E-01
7.3400E-01
7.4200E-01
7.5200E-01
7.6200E-01
7.7200E-01
7.8000E-01
7.8900E-01
7.9800E-01
8.0700E-01
8.1600E-01
8.2400E-01
8.3300E-01
8.4300E-01
8.5200E-01
8.6200E-01
8.7200E-01
8.8300E-01
8.9300E-01
9.0000E-01
9.0600E-01
9.1200E-01
9.1900E-01
9.3200E-01
9.4800E-01
9.6900E-01
9.8400E-01
9.9500E-01
1.0050E+00
1.0140E+00
1.0240E+00
1.0330E+00
1.0430E+00
1.0530E+00
1.0620E+00
1.0710E+00
1.0810E+00
1.0890E+00
1.0980E+00
1.1070E+00
1.1160E+00
1.1250E+00
1.1340E+00
1.1430E+00
1.1520E+00
1.1620E+00
1.1720E+00
1.1820E+00
1.1920E+00
1.1980E+00
1.2050E+00
1.2110E+00
1.2210E+00
1.2330E+00
1.2510E+00
1.2710E+00
1.2840E+00
1.2950E+00
1.3060E+00
1.3140E+00
1.3240E+00
1.3330E+00
1.3430E+00
1.3530E+00
1.3620E+00
1.3720E+00
1.3790E+00
1.3890E+00
1.3980E+00
1.4060E+00
1.4160E+00
1.4240E+00
1.4330E+00
1.4440E+00
1.4520E+00
1.4630E+00
1.4730E+00
1.4820E+00
1.4910E+00
1.4970E+00
1.5040E+00
1.5100E+00
1.5210E+00
1.5350E+00
1.5520E+00
1.5710E+00
1.5850E+00
1.5950E+00
1.6060E+00
1.6140E+00
1.6240E+00
1.6330E+00
1.6420E+00
1.6520E+00
1.6620E+00
1.6710E+00
1.6800E+00
1.6890E+00
1.6980E+00
1.7070E+00
1.7160E+00
1.7250E+00
1.7340E+00
1.7440E+00
1.7530E+00
1.7630E+00
1.7730E+00
1.7830E+00
1.7900E+00
1.7960E+00
1.8020E+00
1.8100E+00
1.8230E+00
1.8370E+00
1.8540E+00
1.8720E+00
1.8850E+00
1.8960E+00
1.9050E+00
1.9140E+00
1.9230E+00
1.9330E+00
1.9430E+00
1.9530E+00
1.9620E+00
1.9710E+00
1.9810E+00
1.9890E+00
1.9990E+00
2.0070E+00
2.0170E+00
2.0260E+00
2.0350E+00
2.0430E+00
2.0530E+00
2.0630E+00
2.0730E+00
2.0820E+00
2.0900E+00
2.0950E+00
2.1030E+00
2.1110E+00
2.1240E+00
2.1390E+00
2.1540E+00
2.1720E+00
2.1860E+00
2.1970E+00
2.2060E+00
2.2150E+00
2.2240E+00
2.2340E+00
2.2440E+00
2.2540E+00
2.2630E+00
2.2720E+00
2.2800E+00
2.2900E+00
2.2990E+00
2.3080E+00
2.3170E+00
2.3260E+00
2.3340E+00
2.3440E+00
2.3540E+00
2.3630E+00
2.3730E+00
2.3830E+00
2.3900E+00
2.3960E+00
2.4040E+00
2.4120E+00
2.4240E+00
2.4380E+00
2.4510E+00
2.4690E+00
2.4850E+00
2.4970E+00
2.5070E+00
2.5140E+00
2.5240E+00
2.5340E+00
2.5430E+00
2.5530E+00
2.5620E+00
2.5730E+00
2.5820E+00
2.5910E+00
2.5990E+00
2.6090E+00
2.6180E+00
2.6260E+00
2.6350E+00
2.6450E+00
2.6540E+00
2.6640E+00
2.6730E+00
2.6830E+00
2.6910E+00
2.6970E+00
2.7050E+00
2.7120E+00
2.7240E+00
2.7390E+00
2.7510E+00
2.7670E+00
2.7840E+00
2.7980E+00
2.8070E+00
2.8160E+00
2.8250E+00
2.8330E+00
2.8430E+00
2.8530E+00
2.8620E+00
2.8720E+00
2.8810E+00
2.8910E+00
2.9000E+00
2.9080E+00
2.9180E+00
2.9270E+00
2.9370E+00
2.9460E+00
2.9540E+00
2.9640E+00
2.9730E+00
2.9830E+00
2.9910E+00
2.9980E+00
3.0050E+00
3.0130E+00
3.0240E+00
3.0380E+00
3.0520E+00
3.0660E+00
3.0800E+00
3.0960E+00
3.1090E+00
3.1180E+00
3.1260E+00
3.1360E+00
3.1450E+00
3.1530E+00
3.1620E+00
3.1720E+00
3.1810E+00
3.1900E+00
3.2000E+00
3.2080E+00
3.2180E+00
3.2270E+00
3.2370E+00
3.2460E+00
3.2540E+00
3.2650E+00
3.2740E+00
3.2830E+00
3.2900E+00
3.2960E+00
3.3030E+00
3.3120E+00
3.3240E+00
3.3380E+00
3.3520E+00
3.3660E+00
3.3780E+00
3.3920E+00
3.4060E+00
3.4160E+00
3.4270E+00
3.4370E+00
3.4460E+00
3.4540E+00
3.4630E+00
3.4720E+00
3.4810E+00
3.4900E+00
3.5000E+00
3.5080E+00
3.5180E+00
3.5270E+00
3.5360E+00
3.5450E+00
3.5540E+00
3.5620E+00
3.5700E+00
3.5780E+00
3.5850E+00
3.5920E+00
3.6020E+00
3.6140E+00
3.6300E+00
3.6410E+00
3.6540E+00
3.6670E+00
3.6770E+00
3.6900E+00
3.7000E+00
3.7110E+00
3.7220E+00
3.7330E+00
3.7430E+00
3.7530E+00
3.7620E+00
3.7710E+00
3.7800E+00
3.7890E+00
3.7970E+00
3.8060E+00
3.8150E+00
3.8230E+00
3.8320E+00
3.8410E+00
3.8500E+00
3.8580E+00
3.8670E+00
3.8770E+00
3.8870E+00
3.8980E+00
3.9100E+00
3.9210E+00
3.9330E+00
3.9450E+00
3.9550E+00
3.9670E+00
3.9770E+00
3.9880E+00
3.9980E+00
4.0090E+00
4.0190E+00
4.0290E+00
4.0390E+00
4.0480E+00
4.0570E+00
4.0660E+00
4.0750E+00
4.0860E+00
4.0940E+00
4.1020E+00
4.1110E+00
4.1200E+00
4.1300E+00
4.1390E+00
4.1480E+00
4.1580E+00
4.1690E+00
4.1790E+00
