   7.2339963e+02	
   7.2339963e+02	
   7.2339963e+02	
   7.2339963e+02	
   7.2339963e+02	
   7.2339963e+02	
   7.2339963e+02	
   7.2339963e+02	
   7.2339963e+02	
   7.2339963e+02	
   7.2339963e+02	
   7.2339963e+02	
   7.2339963e+02	
   7.2339963e+02	
   7.2339963e+02	
   7.2339963e+02	
   7.2339963e+02	
   7.2339963e+02	
   7.2339963e+02	
   7.2339963e+02	
   7.2339963e+02	
   7.2339963e+02	
   7.2339963e+02	
   7.2339963e+02	
   7.2339963e+02	
   7.2339963e+02	
   7.2339963e+02	
   7.2339963e+02	
   7.2339963e+02	
   7.2339963e+02	
   7.2339963e+02	
   7.2339963e+02	
   7.2339963e+02	
   7.2339963e+02	
   7.2339963e+02	
   7.2339963e+02	
   7.2339963e+02	
   7.3839963e+02	
   7.3839963e+02	
   7.3839963e+02	
   7.3839963e+02	
   7.3839963e+02	
   7.3839963e+02	
   7.3839963e+02	
   7.3839963e+02	
   7.3839963e+02	
   7.3839963e+02	
   7.3839963e+02	
   7.3839963e+02	
   7.3839963e+02	
   7.3839963e+02	
   7.3839963e+02	
   7.3839963e+02	
   7.3839963e+02	
   7.3839963e+02	
   7.3839963e+02	
   7.3839963e+02	
   7.3839963e+02	
   7.3839963e+02	
   7.3839963e+02	
   7.3839963e+02	
   7.3839963e+02	
   7.3839963e+02	
   7.3839963e+02	
   7.3839963e+02	
   7.3839963e+02	
   7.3839963e+02	
   7.3839963e+02	
   7.3839963e+02	
   7.3839963e+02	
   7.3839963e+02	
   7.3839963e+02	
   7.3839963e+02	
   7.3839963e+02	
   7.5339963e+02	
   7.5339963e+02	
   7.5339963e+02	
   7.5339963e+02	
   7.5339963e+02	
   7.5339963e+02	
   7.5339963e+02	
   7.5339963e+02	
   7.5339963e+02	
   7.5339963e+02	
   7.5339963e+02	
   7.5339963e+02	
   7.5339963e+02	
   7.5339963e+02	
   7.5339963e+02	
   7.5339963e+02	
   7.5339963e+02	
   7.5339963e+02	
   7.5339963e+02	
   7.5339963e+02	
   7.5339963e+02	
   7.5339963e+02	
   7.5339963e+02	
   7.5339963e+02	
   7.5339963e+02	
   7.5339963e+02	
   7.5339963e+02	
   7.5339963e+02	
   7.5339963e+02	
   7.5339963e+02	
   7.5339963e+02	
   7.5339963e+02	
   7.5339963e+02	
   7.5339963e+02	
   7.5339963e+02	
   7.5339963e+02	
   7.5339963e+02	
   7.6839963e+02	
   7.6839963e+02	
   7.6839963e+02	
   7.6839963e+02	
   7.6839963e+02	
   7.6839963e+02	
   7.6839963e+02	
   7.6839963e+02	
   7.6839963e+02	
   7.6839963e+02	
   7.6839963e+02	
   7.6839963e+02	
   7.6839963e+02	
   7.6839963e+02	
   7.6839963e+02	
   7.6839963e+02	
   7.6839963e+02	
   7.6839963e+02	
   7.6839963e+02	
   7.6839963e+02	
   7.6839963e+02	
   7.6839963e+02	
   7.6839963e+02	
   7.6839963e+02	
   7.6839963e+02	
   7.6839963e+02	
   7.6839963e+02	
   7.6839963e+02	
   7.6839963e+02	
   7.6839963e+02	
   7.6839963e+02	
   7.6839963e+02	
   7.6839963e+02	
   7.6839963e+02	
   7.6839963e+02	
   7.6839963e+02	
   7.6839963e+02	
   7.8339963e+02	
   7.8339963e+02	
   7.8339963e+02	
   7.8339963e+02	
   7.8339963e+02	
   7.8339963e+02	
   7.8339963e+02	
   7.8339963e+02	
   7.8339963e+02	
   7.8339963e+02	
   7.8339963e+02	
   7.8339963e+02	
   7.8339963e+02	
   7.8339963e+02	
   7.8339963e+02	
   7.8339963e+02	
   7.8339963e+02	
   7.8339963e+02	
   7.8339963e+02	
   7.8339963e+02	
   7.8339963e+02	
   7.8339963e+02	
   7.8339963e+02	
   7.8339963e+02	
   7.8339963e+02	
   7.8339963e+02	
   7.8339963e+02	
   7.8339963e+02	
   7.8339963e+02	
   7.8339963e+02	
   7.8339963e+02	
   7.8339963e+02	
   7.8339963e+02	
   7.8339963e+02	
   7.8339963e+02	
   7.8339963e+02	
   7.8339963e+02	
   7.9839963e+02	
   7.9839963e+02	
   7.9839963e+02	
   7.9839963e+02	
   7.9839963e+02	
   7.9839963e+02	
   7.9839963e+02	
   7.9839963e+02	
   7.9839963e+02	
   7.9839963e+02	
   7.9839963e+02	
   7.9839963e+02	
   7.9839963e+02	
   7.9839963e+02	
   7.9839963e+02	
   7.9839963e+02	
   7.9839963e+02	
   7.9839963e+02	
   7.9839963e+02	
   7.9839963e+02	
   7.9839963e+02	
   7.9839963e+02	
   7.9839963e+02	
   7.9839963e+02	
   7.9839963e+02	
   7.9839963e+02	
   7.9839963e+02	
   7.9839963e+02	
   7.9839963e+02	
   7.9839963e+02	
   7.9839963e+02	
   7.9839963e+02	
   7.9839963e+02	
   7.9839963e+02	
   7.9839963e+02	
   7.9839963e+02	
   7.9839963e+02	
   8.1339963e+02	
   8.1339963e+02	
   8.1339963e+02	
   8.1339963e+02	
   8.1339963e+02	
   8.1339963e+02	
   8.1339963e+02	
   8.1339963e+02	
   8.1339963e+02	
   8.1339963e+02	
   8.1339963e+02	
   8.1339963e+02	
   8.1339963e+02	
   8.1339963e+02	
   8.1339963e+02	
   8.1339963e+02	
   8.1339963e+02	
   8.1339963e+02	
   8.1339963e+02	
   8.1339963e+02	
   8.1339963e+02	
   8.1339963e+02	
   8.1339963e+02	
   8.1339963e+02	
   8.1339963e+02	
   8.1339963e+02	
   8.1339963e+02	
   8.1339963e+02	
   8.1339963e+02	
   8.1339963e+02	
   8.1339963e+02	
   8.1339963e+02	
   8.1339963e+02	
   8.1339963e+02	
   8.1339963e+02	
   8.1339963e+02	
   8.1339963e+02	
   8.2839963e+02	
   8.2839963e+02	
   8.2839963e+02	
   8.2839963e+02	
   8.2839963e+02	
   8.2839963e+02	
   8.2839963e+02	
   8.2839963e+02	
   8.2839963e+02	
   8.2839963e+02	
   8.2839963e+02	
   8.2839963e+02	
   8.2839963e+02	
   8.2839963e+02	
   8.2839963e+02	
   8.2839963e+02	
   8.2839963e+02	
   8.2839963e+02	
   8.2839963e+02	
   8.2839963e+02	
   8.2839963e+02	
   8.2839963e+02	
   8.2839963e+02	
   8.2839963e+02	
   8.2839963e+02	
   8.2839963e+02	
   8.2839963e+02	
   8.2839963e+02	
   8.2839963e+02	
   8.2839963e+02	
   8.2839963e+02	
   8.2839963e+02	
   8.2839963e+02	
   8.2839963e+02	
   8.2839963e+02	
   8.2839963e+02	
   8.2839963e+02	
   8.4339963e+02	
   8.4339963e+02	
   8.4339963e+02	
   8.4339963e+02	
   8.4339963e+02	
   8.4339963e+02	
   8.4339963e+02	
   8.4339963e+02	
   8.4339963e+02	
   8.4339963e+02	
   8.4339963e+02	
   8.4339963e+02	
   8.4339963e+02	
   8.4339963e+02	
   8.4339963e+02	
   8.4339963e+02	
   8.4339963e+02	
   8.4339963e+02	
   8.4339963e+02	
   8.4339963e+02	
   8.4339963e+02	
   8.4339963e+02	
   8.4339963e+02	
   8.4339963e+02	
   8.4339963e+02	
   8.4339963e+02	
   8.4339963e+02	
   8.4339963e+02	
   8.4339963e+02	
   8.4339963e+02	
   8.4339963e+02	
   8.4339963e+02	
   8.4339963e+02	
   8.4339963e+02	
   8.4339963e+02	
   8.4339963e+02	
   8.4339963e+02	
   8.5839963e+02	
   8.5839963e+02	
   8.5839963e+02	
   8.5839963e+02	
   8.5839963e+02	
   8.5839963e+02	
   8.5839963e+02	
   8.5839963e+02	
   8.5839963e+02	
   8.5839963e+02	
   8.5839963e+02	
   8.5839963e+02	
   8.5839963e+02	
   8.5839963e+02	
   8.5839963e+02	
   8.5839963e+02	
   8.5839963e+02	
   8.5839963e+02	
   8.5839963e+02	
   8.5839963e+02	
   8.5839963e+02	
   8.5839963e+02	
   8.5839963e+02	
   8.5839963e+02	
   8.5839963e+02	
   8.5839963e+02	
   8.5839963e+02	
   8.5839963e+02	
   8.5839963e+02	
   8.5839963e+02	
   8.5839963e+02	
   8.5839963e+02	
   8.5839963e+02	
   8.5839963e+02	
   8.5839963e+02	
   8.5839963e+02	
   8.5839963e+02	
   8.7339963e+02	
   8.7339963e+02	
   8.7339963e+02	
   8.7339963e+02	
   8.7339963e+02	
   8.7339963e+02	
   8.7339963e+02	
   8.7339963e+02	
   8.7339963e+02	
   8.7339963e+02	
   8.7339963e+02	
   8.7339963e+02	
   8.7339963e+02	
   8.7339963e+02	
   8.7339963e+02	
   8.7339963e+02	
   8.7339963e+02	
   8.7339963e+02	
   8.7339963e+02	
   8.7339963e+02	
   8.7339963e+02	
   8.7339963e+02	
   8.7339963e+02	
   8.7339963e+02	
   8.7339963e+02	
   8.7339963e+02	
   8.7339963e+02	
   8.7339963e+02	
   8.7339963e+02	
   8.7339963e+02	
   8.7339963e+02	
   8.7339963e+02	
   8.7339963e+02	
   8.7339963e+02	
   8.7339963e+02	
   8.7339963e+02	
   8.7339963e+02	
   8.8839963e+02	
   8.8839963e+02	
   8.8839963e+02	
   8.8839963e+02	
   8.8839963e+02	
   8.8839963e+02	
   8.8839963e+02	
   8.8839963e+02	
   8.8839963e+02	
   8.8839963e+02	
   8.8839963e+02	
   8.8839963e+02	
   8.8839963e+02	
   8.8839963e+02	
   8.8839963e+02	
   8.8839963e+02	
   8.8839963e+02	
   8.8839963e+02	
   8.8839963e+02	
   8.8839963e+02	
   8.8839963e+02	
   8.8839963e+02	
   8.8839963e+02	
   8.8839963e+02	
   8.8839963e+02	
   8.8839963e+02	
   8.8839963e+02	
   8.8839963e+02	
   8.8839963e+02	
   8.8839963e+02	
   8.8839963e+02	
   8.8839963e+02	
   8.8839963e+02	
   8.8839963e+02	
   8.8839963e+02	
   8.8839963e+02	
   8.8839963e+02	
   9.0339963e+02	
   9.0339963e+02	
   9.0339963e+02	
   9.0339963e+02	
   9.0339963e+02	
   9.0339963e+02	
   9.0339963e+02	
   9.0339963e+02	
   9.0339963e+02	
   9.0339963e+02	
   9.0339963e+02	
   9.0339963e+02	
   9.0339963e+02	
   9.0339963e+02	
   9.0339963e+02	
   9.0339963e+02	
   9.0339963e+02	
   9.0339963e+02	
   9.0339963e+02	
   9.0339963e+02	
   9.0339963e+02	
   9.0339963e+02	
   9.0339963e+02	
   9.0339963e+02	
   9.0339963e+02	
   9.0339963e+02	
   9.0339963e+02	
   9.0339963e+02	
   9.0339963e+02	
   9.0339963e+02	
   9.0339963e+02	
   9.0339963e+02	
   9.0339963e+02	
   9.0339963e+02	
   9.0339963e+02	
   9.0339963e+02	
   9.0339963e+02	
   9.1839963e+02	
   9.1839963e+02	
   9.1839963e+02	
   9.1839963e+02	
   9.1839963e+02	
   9.1839963e+02	
   9.1839963e+02	
   9.1839963e+02	
   9.1839963e+02	
   9.1839963e+02	
   9.1839963e+02	
   9.1839963e+02	
   9.1839963e+02	
   9.1839963e+02	
   9.1839963e+02	
   9.1839963e+02	
   9.1839963e+02	
   9.1839963e+02	
   9.1839963e+02	
   9.1839963e+02	
   9.1839963e+02	
   9.1839963e+02	
   9.1839963e+02	
   9.1839963e+02	
   9.1839963e+02	
   9.1839963e+02	
   9.1839963e+02	
   9.1839963e+02	
   9.1839963e+02	
   9.1839963e+02	
   9.1839963e+02	
   9.1839963e+02	
   9.1839963e+02	
   9.1839963e+02	
   9.1839963e+02	
   9.1839963e+02	
   9.1839963e+02	
   9.3339963e+02	
   9.3339963e+02	
   9.3339963e+02	
   9.3339963e+02	
   9.3339963e+02	
   9.3339963e+02	
   9.3339963e+02	
   9.3339963e+02	
   9.3339963e+02	
   9.3339963e+02	
   9.3339963e+02	
   9.3339963e+02	
   9.3339963e+02	
   9.3339963e+02	
   9.3339963e+02	
   9.3339963e+02	
   9.3339963e+02	
   9.3339963e+02	
   9.3339963e+02	
   9.3339963e+02	
   9.3339963e+02	
   9.3339963e+02	
   9.3339963e+02	
   9.3339963e+02	
   9.3339963e+02	
   9.3339963e+02	
   9.3339963e+02	
   9.3339963e+02	
   9.3339963e+02	
   9.3339963e+02	
   9.3339963e+02	
   9.3339963e+02	
   9.3339963e+02	
   9.3339963e+02	
   9.3339963e+02	
   9.3339963e+02	
   9.3339963e+02	
   9.4839963e+02	
   9.4839963e+02	
   9.4839963e+02	
   9.4839963e+02	
   9.4839963e+02	
   9.4839963e+02	
   9.4839963e+02	
   9.4839963e+02	
   9.4839963e+02	
   9.4839963e+02	
   9.4839963e+02	
   9.4839963e+02	
   9.4839963e+02	
   9.4839963e+02	
   9.4839963e+02	
   9.4839963e+02	
   9.4839963e+02	
   9.4839963e+02	
   9.4839963e+02	
   9.4839963e+02	
   9.4839963e+02	
   9.4839963e+02	
   9.4839963e+02	
   9.4839963e+02	
   9.4839963e+02	
   9.4839963e+02	
   9.4839963e+02	
   9.4839963e+02	
   9.4839963e+02	
   9.4839963e+02	
   9.4839963e+02	
   9.4839963e+02	
   9.4839963e+02	
   9.4839963e+02	
   9.4839963e+02	
   9.4839963e+02	
   9.4839963e+02	
   9.6339963e+02	
   9.6339963e+02	
   9.6339963e+02	
   9.6339963e+02	
   9.6339963e+02	
   9.6339963e+02	
   9.6339963e+02	
   9.6339963e+02	
   9.6339963e+02	
   9.6339963e+02	
   9.6339963e+02	
   9.6339963e+02	
   9.6339963e+02	
   9.6339963e+02	
   9.6339963e+02	
   9.6339963e+02	
   9.6339963e+02	
   9.6339963e+02	
   9.6339963e+02	
   9.6339963e+02	
   9.6339963e+02	
   9.6339963e+02	
   9.6339963e+02	
   9.6339963e+02	
   9.6339963e+02	
   9.6339963e+02	
   9.6339963e+02	
   9.6339963e+02	
   9.6339963e+02	
   9.6339963e+02	
   9.6339963e+02	
   9.6339963e+02	
   9.6339963e+02	
   9.6339963e+02	
   9.6339963e+02	
   9.6339963e+02	
   9.6339963e+02	
   9.7839963e+02	
   9.7839963e+02	
   9.7839963e+02	
   9.7839963e+02	
   9.7839963e+02	
   9.7839963e+02	
   9.7839963e+02	
   9.7839963e+02	
   9.7839963e+02	
   9.7839963e+02	
   9.7839963e+02	
   9.7839963e+02	
   9.7839963e+02	
   9.7839963e+02	
   9.7839963e+02	
   9.7839963e+02	
   9.7839963e+02	
   9.7839963e+02	
   9.7839963e+02	
   9.7839963e+02	
   9.7839963e+02	
   9.7839963e+02	
   9.7839963e+02	
   9.7839963e+02	
   9.7839963e+02	
   9.7839963e+02	
   9.7839963e+02	
   9.7839963e+02	
   9.7839963e+02	
   9.7839963e+02	
   9.7839963e+02	
   9.7839963e+02	
   9.7839963e+02	
   9.7839963e+02	
   9.7839963e+02	
   9.7839963e+02	
   9.7839963e+02	
   9.9339963e+02	
   9.9339963e+02	
   9.9339963e+02	
   9.9339963e+02	
   9.9339963e+02	
   9.9339963e+02	
   9.9339963e+02	
   9.9339963e+02	
   9.9339963e+02	
   9.9339963e+02	
   9.9339963e+02	
   9.9339963e+02	
   9.9339963e+02	
   9.9339963e+02	
   9.9339963e+02	
   9.9339963e+02	
   9.9339963e+02	
   9.9339963e+02	
   9.9339963e+02	
   9.9339963e+02	
   9.9339963e+02	
   9.9339963e+02	
   9.9339963e+02	
   9.9339963e+02	
   9.9339963e+02	
   9.9339963e+02	
   9.9339963e+02	
   9.9339963e+02	
   9.9339963e+02	
   9.9339963e+02	
   9.9339963e+02	
   9.9339963e+02	
   9.9339963e+02	
   9.9339963e+02	
   9.9339963e+02	
   9.9339963e+02	
   9.9339963e+02	
   1.0083996e+03	
   1.0083996e+03	
   1.0083996e+03	
   1.0083996e+03	
   1.0083996e+03	
   1.0083996e+03	
   1.0083996e+03	
   1.0083996e+03	
   1.0083996e+03	
   1.0083996e+03	
   1.0083996e+03	
   1.0083996e+03	
   1.0083996e+03	
   1.0083996e+03	
   1.0083996e+03	
   1.0083996e+03	
   1.0083996e+03	
   1.0083996e+03	
   1.0083996e+03	
   1.0083996e+03	
   1.0083996e+03	
   1.0083996e+03	
   1.0083996e+03	
   1.0083996e+03	
   1.0083996e+03	
   1.0083996e+03	
   1.0083996e+03	
   1.0083996e+03	
   1.0083996e+03	
   1.0083996e+03	
   1.0083996e+03	
   1.0083996e+03	
   1.0083996e+03	
   1.0083996e+03	
   1.0083996e+03	
   1.0083996e+03	
   1.0083996e+03	
   1.0233996e+03	
   1.0233996e+03	
   1.0233996e+03	
   1.0233996e+03	
   1.0233996e+03	
   1.0233996e+03	
   1.0233996e+03	
   1.0233996e+03	
   1.0233996e+03	
   1.0233996e+03	
   1.0233996e+03	
   1.0233996e+03	
   1.0233996e+03	
   1.0233996e+03	
   1.0233996e+03	
   1.0233996e+03	
   1.0233996e+03	
   1.0233996e+03	
   1.0233996e+03	
   1.0233996e+03	
   1.0233996e+03	
   1.0233996e+03	
   1.0233996e+03	
   1.0233996e+03	
   1.0233996e+03	
   1.0233996e+03	
   1.0233996e+03	
   1.0233996e+03	
   1.0233996e+03	
   1.0233996e+03	
   1.0233996e+03	
   1.0233996e+03	
   1.0233996e+03	
   1.0233996e+03	
   1.0233996e+03	
   1.0233996e+03	
   1.0233996e+03	
   1.0383996e+03	
   1.0383996e+03	
   1.0383996e+03	
   1.0383996e+03	
   1.0383996e+03	
   1.0383996e+03	
   1.0383996e+03	
   1.0383996e+03	
   1.0383996e+03	
   1.0383996e+03	
   1.0383996e+03	
   1.0383996e+03	
   1.0383996e+03	
   1.0383996e+03	
   1.0383996e+03	
   1.0383996e+03	
   1.0383996e+03	
   1.0383996e+03	
   1.0383996e+03	
   1.0383996e+03	
   1.0383996e+03	
   1.0383996e+03	
   1.0383996e+03	
   1.0383996e+03	
   1.0383996e+03	
   1.0383996e+03	
   1.0383996e+03	
   1.0383996e+03	
   1.0383996e+03	
   1.0383996e+03	
   1.0383996e+03	
   1.0383996e+03	
   1.0383996e+03	
   1.0383996e+03	
   1.0383996e+03	
   1.0383996e+03	
   1.0383996e+03	
   1.0533996e+03	
   1.0533996e+03	
   1.0533996e+03	
   1.0533996e+03	
   1.0533996e+03	
   1.0533996e+03	
   1.0533996e+03	
   1.0533996e+03	
   1.0533996e+03	
   1.0533996e+03	
   1.0533996e+03	
   1.0533996e+03	
   1.0533996e+03	
   1.0533996e+03	
   1.0533996e+03	
   1.0533996e+03	
   1.0533996e+03	
   1.0533996e+03	
   1.0533996e+03	
   1.0533996e+03	
   1.0533996e+03	
   1.0533996e+03	
   1.0533996e+03	
   1.0533996e+03	
   1.0533996e+03	
   1.0533996e+03	
   1.0533996e+03	
   1.0533996e+03	
   1.0533996e+03	
   1.0533996e+03	
   1.0533996e+03	
   1.0533996e+03	
   1.0533996e+03	
   1.0533996e+03	
   1.0533996e+03	
   1.0533996e+03	
   1.0533996e+03	
   1.0683996e+03	
   1.0683996e+03	
   1.0683996e+03	
   1.0683996e+03	
   1.0683996e+03	
   1.0683996e+03	
   1.0683996e+03	
   1.0683996e+03	
   1.0683996e+03	
   1.0683996e+03	
   1.0683996e+03	
   1.0683996e+03	
   1.0683996e+03	
   1.0683996e+03	
   1.0683996e+03	
   1.0683996e+03	
   1.0683996e+03	
   1.0683996e+03	
   1.0683996e+03	
   1.0683996e+03	
   1.0683996e+03	
   1.0683996e+03	
   1.0683996e+03	
   1.0683996e+03	
   1.0683996e+03	
   1.0683996e+03	
   1.0683996e+03	
   1.0683996e+03	
   1.0683996e+03	
   1.0683996e+03	
   1.0683996e+03	
   1.0683996e+03	
   1.0683996e+03	
   1.0683996e+03	
   1.0683996e+03	
   1.0683996e+03	
   1.0683996e+03	
   1.0833996e+03	
   1.0833996e+03	
   1.0833996e+03	
   1.0833996e+03	
   1.0833996e+03	
   1.0833996e+03	
   1.0833996e+03	
   1.0833996e+03	
   1.0833996e+03	
   1.0833996e+03	
   1.0833996e+03	
   1.0833996e+03	
   1.0833996e+03	
   1.0833996e+03	
   1.0833996e+03	
   1.0833996e+03	
   1.0833996e+03	
   1.0833996e+03	
   1.0833996e+03	
   1.0833996e+03	
   1.0833996e+03	
   1.0833996e+03	
   1.0833996e+03	
   1.0833996e+03	
   1.0833996e+03	
   1.0833996e+03	
   1.0833996e+03	
   1.0833996e+03	
   1.0833996e+03	
   1.0833996e+03	
   1.0833996e+03	
   1.0833996e+03	
   1.0833996e+03	
   1.0833996e+03	
   1.0833996e+03	
   1.0833996e+03	
   1.0833996e+03	
   1.0983996e+03	
   1.0983996e+03	
   1.0983996e+03	
   1.0983996e+03	
   1.0983996e+03	
   1.0983996e+03	
   1.0983996e+03	
   1.0983996e+03	
   1.0983996e+03	
   1.0983996e+03	
   1.0983996e+03	
   1.0983996e+03	
   1.0983996e+03	
   1.0983996e+03	
   1.0983996e+03	
   1.0983996e+03	
   1.0983996e+03	
   1.0983996e+03	
   1.0983996e+03	
   1.0983996e+03	
   1.0983996e+03	
   1.0983996e+03	
   1.0983996e+03	
   1.0983996e+03	
   1.0983996e+03	
   1.0983996e+03	
   1.0983996e+03	
   1.0983996e+03	
   1.0983996e+03	
   1.0983996e+03	
   1.0983996e+03	
   1.0983996e+03	
   1.0983996e+03	
   1.0983996e+03	
   1.0983996e+03	
   1.0983996e+03	
   1.0983996e+03	
   1.1133996e+03	
   1.1133996e+03	
   1.1133996e+03	
   1.1133996e+03	
   1.1133996e+03	
   1.1133996e+03	
   1.1133996e+03	
   1.1133996e+03	
   1.1133996e+03	
   1.1133996e+03	
   1.1133996e+03	
   1.1133996e+03	
   1.1133996e+03	
   1.1133996e+03	
   1.1133996e+03	
   1.1133996e+03	
   1.1133996e+03	
   1.1133996e+03	
   1.1133996e+03	
   1.1133996e+03	
   1.1133996e+03	
   1.1133996e+03	
   1.1133996e+03	
   1.1133996e+03	
   1.1133996e+03	
   1.1133996e+03	
   1.1133996e+03	
   1.1133996e+03	
   1.1133996e+03	
   1.1133996e+03	
   1.1133996e+03	
   1.1133996e+03	
   1.1133996e+03	
   1.1133996e+03	
   1.1133996e+03	
   1.1133996e+03	
   1.1133996e+03	
   1.1283996e+03	
   1.1283996e+03	
   1.1283996e+03	
   1.1283996e+03	
   1.1283996e+03	
   1.1283996e+03	
   1.1283996e+03	
   1.1283996e+03	
   1.1283996e+03	
   1.1283996e+03	
   1.1283996e+03	
   1.1283996e+03	
   1.1283996e+03	
   1.1283996e+03	
   1.1283996e+03	
   1.1283996e+03	
   1.1283996e+03	
   1.1283996e+03	
   1.1283996e+03	
   1.1283996e+03	
   1.1283996e+03	
   1.1283996e+03	
   1.1283996e+03	
   1.1283996e+03	
   1.1283996e+03	
   1.1283996e+03	
   1.1283996e+03	
   1.1283996e+03	
   1.1283996e+03	
   1.1283996e+03	
   1.1283996e+03	
   1.1283996e+03	
   1.1283996e+03	
   1.1283996e+03	
   1.1283996e+03	
   1.1283996e+03	
   1.1283996e+03	
   1.1433996e+03	
   1.1433996e+03	
   1.1433996e+03	
   1.1433996e+03	
   1.1433996e+03	
   1.1433996e+03	
   1.1433996e+03	
   1.1433996e+03	
   1.1433996e+03	
   1.1433996e+03	
   1.1433996e+03	
   1.1433996e+03	
   1.1433996e+03	
   1.1433996e+03	
   1.1433996e+03	
   1.1433996e+03	
   1.1433996e+03	
   1.1433996e+03	
   1.1433996e+03	
   1.1433996e+03	
   1.1433996e+03	
   1.1433996e+03	
   1.1433996e+03	
   1.1433996e+03	
   1.1433996e+03	
   1.1433996e+03	
   1.1433996e+03	
   1.1433996e+03	
   1.1433996e+03	
   1.1433996e+03	
   1.1433996e+03	
   1.1433996e+03	
   1.1433996e+03	
   1.1433996e+03	
   1.1433996e+03	
   1.1433996e+03	
   1.1433996e+03	
   1.1583996e+03	
   1.1583996e+03	
   1.1583996e+03	
   1.1583996e+03	
   1.1583996e+03	
   1.1583996e+03	
   1.1583996e+03	
   1.1583996e+03	
   1.1583996e+03	
   1.1583996e+03	
   1.1583996e+03	
   1.1583996e+03	
   1.1583996e+03	
   1.1583996e+03	
   1.1583996e+03	
   1.1583996e+03	
   1.1583996e+03	
   1.1583996e+03	
   1.1583996e+03	
   1.1583996e+03	
   1.1583996e+03	
   1.1583996e+03	
   1.1583996e+03	
   1.1583996e+03	
   1.1583996e+03	
   1.1583996e+03	
   1.1583996e+03	
   1.1583996e+03	
   1.1583996e+03	
   1.1583996e+03	
   1.1583996e+03	
   1.1583996e+03	
   1.1583996e+03	
   1.1583996e+03	
   1.1583996e+03	
   1.1583996e+03	
   1.1583996e+03	
   1.1733996e+03	
   1.1733996e+03	
   1.1733996e+03	
   1.1733996e+03	
   1.1733996e+03	
   1.1733996e+03	
   1.1733996e+03	
   1.1733996e+03	
   1.1733996e+03	
   1.1733996e+03	
   1.1733996e+03	
   1.1733996e+03	
   1.1733996e+03	
   1.1733996e+03	
   1.1733996e+03	
   1.1733996e+03	
   1.1733996e+03	
   1.1733996e+03	
   1.1733996e+03	
   1.1733996e+03	
   1.1733996e+03	
   1.1733996e+03	
   1.1733996e+03	
   1.1733996e+03	
   1.1733996e+03	
   1.1733996e+03	
   1.1733996e+03	
   1.1733996e+03	
   1.1733996e+03	
   1.1733996e+03	
   1.1733996e+03	
   1.1733996e+03	
   1.1733996e+03	
   1.1733996e+03	
   1.1733996e+03	
   1.1733996e+03	
   1.1733996e+03	
   1.1883996e+03	
   1.1883996e+03	
   1.1883996e+03	
   1.1883996e+03	
   1.1883996e+03	
   1.1883996e+03	
   1.1883996e+03	
   1.1883996e+03	
   1.1883996e+03	
   1.1883996e+03	
   1.1883996e+03	
   1.1883996e+03	
   1.1883996e+03	
   1.1883996e+03	
   1.1883996e+03	
   1.1883996e+03	
   1.1883996e+03	
   1.1883996e+03	
   1.1883996e+03	
   1.1883996e+03	
   1.1883996e+03	
   1.1883996e+03	
   1.1883996e+03	
   1.1883996e+03	
   1.1883996e+03	
   1.1883996e+03	
   1.1883996e+03	
   1.1883996e+03	
   1.1883996e+03	
   1.1883996e+03	
   1.1883996e+03	
   1.1883996e+03	
   1.1883996e+03	
   1.1883996e+03	
   1.1883996e+03	
   1.1883996e+03	
   1.1883996e+03	
   1.2033996e+03	
   1.2033996e+03	
   1.2033996e+03	
   1.2033996e+03	
   1.2033996e+03	
   1.2033996e+03	
   1.2033996e+03	
   1.2033996e+03	
   1.2033996e+03	
   1.2033996e+03	
   1.2033996e+03	
   1.2033996e+03	
   1.2033996e+03	
   1.2033996e+03	
   1.2033996e+03	
   1.2033996e+03	
   1.2033996e+03	
   1.2033996e+03	
   1.2033996e+03	
   1.2033996e+03	
   1.2033996e+03	
   1.2033996e+03	
   1.2033996e+03	
   1.2033996e+03	
   1.2033996e+03	
   1.2033996e+03	
   1.2033996e+03	
   1.2033996e+03	
   1.2033996e+03	
   1.2033996e+03	
   1.2033996e+03	
   1.2033996e+03	
   1.2033996e+03	
   1.2033996e+03	
   1.2033996e+03	
   1.2033996e+03	
   1.2033996e+03	
   1.2183996e+03	
   1.2183996e+03	
   1.2183996e+03	
   1.2183996e+03	
   1.2183996e+03	
   1.2183996e+03	
   1.2183996e+03	
   1.2183996e+03	
   1.2183996e+03	
   1.2183996e+03	
   1.2183996e+03	
   1.2183996e+03	
   1.2183996e+03	
   1.2183996e+03	
   1.2183996e+03	
   1.2183996e+03	
   1.2183996e+03	
   1.2183996e+03	
   1.2183996e+03	
   1.2183996e+03	
   1.2183996e+03	
   1.2183996e+03	
   1.2183996e+03	
   1.2183996e+03	
   1.2183996e+03	
   1.2183996e+03	
   1.2183996e+03	
   1.2183996e+03	
   1.2183996e+03	
   1.2183996e+03	
   1.2183996e+03	
   1.2183996e+03	
   1.2183996e+03	
   1.2183996e+03	
   1.2183996e+03	
   1.2183996e+03	
   1.2183996e+03	
   1.2333996e+03	
   1.2333996e+03	
   1.2333996e+03	
   1.2333996e+03	
   1.2333996e+03	
   1.2333996e+03	
   1.2333996e+03	
   1.2333996e+03	
   1.2333996e+03	
   1.2333996e+03	
   1.2333996e+03	
   1.2333996e+03	
   1.2333996e+03	
   1.2333996e+03	
   1.2333996e+03	
   1.2333996e+03	
   1.2333996e+03	
   1.2333996e+03	
   1.2333996e+03	
   1.2333996e+03	
   1.2333996e+03	
   1.2333996e+03	
   1.2333996e+03	
   1.2333996e+03	
   1.2333996e+03	
   1.2333996e+03	
   1.2333996e+03	
   1.2333996e+03	
   1.2333996e+03	
   1.2333996e+03	
   1.2333996e+03	
   1.2333996e+03	
   1.2333996e+03	
   1.2333996e+03	
   1.2333996e+03	
   1.2333996e+03	
   1.2333996e+03	
   1.2483996e+03	
   1.2483996e+03	
   1.2483996e+03	
   1.2483996e+03	
   1.2483996e+03	
   1.2483996e+03	
   1.2483996e+03	
   1.2483996e+03	
   1.2483996e+03	
   1.2483996e+03	
   1.2483996e+03	
   1.2483996e+03	
   1.2483996e+03	
   1.2483996e+03	
   1.2483996e+03	
   1.2483996e+03	
   1.2483996e+03	
   1.2483996e+03	
   1.2483996e+03	
   1.2483996e+03	
   1.2483996e+03	
   1.2483996e+03	
   1.2483996e+03	
   1.2483996e+03	
   1.2483996e+03	
   1.2483996e+03	
   1.2483996e+03	
   1.2483996e+03	
   1.2483996e+03	
   1.2483996e+03	
   1.2483996e+03	
   1.2483996e+03	
   1.2483996e+03	
   1.2483996e+03	
   1.2483996e+03	
   1.2483996e+03	
   1.2483996e+03	
   1.2633996e+03	
   1.2633996e+03	
   1.2633996e+03	
   1.2633996e+03	
   1.2633996e+03	
   1.2633996e+03	
   1.2633996e+03	
   1.2633996e+03	
   1.2633996e+03	
   1.2633996e+03	
   1.2633996e+03	
   1.2633996e+03	
   1.2633996e+03	
   1.2633996e+03	
   1.2633996e+03	
   1.2633996e+03	
   1.2633996e+03	
   1.2633996e+03	
   1.2633996e+03	
   1.2633996e+03	
   1.2633996e+03	
   1.2633996e+03	
   1.2633996e+03	
   1.2633996e+03	
   1.2633996e+03	
   1.2633996e+03	
   1.2633996e+03	
   1.2633996e+03	
   1.2633996e+03	
   1.2633996e+03	
   1.2633996e+03	
   1.2633996e+03	
   1.2633996e+03	
   1.2633996e+03	
   1.2633996e+03	
   1.2633996e+03	
   1.2633996e+03	
   1.2783996e+03	
   1.2783996e+03	
   1.2783996e+03	
   1.2783996e+03	
   1.2783996e+03	
   1.2783996e+03	
   1.2783996e+03	
   1.2783996e+03	
   1.2783996e+03	
   1.2783996e+03	
   1.2783996e+03	
   1.2783996e+03	
   1.2783996e+03	
   1.2783996e+03	
   1.2783996e+03	
   1.2783996e+03	
   1.2783996e+03	
   1.2783996e+03	
   1.2783996e+03	
   1.2783996e+03	
   1.2783996e+03	
   1.2783996e+03	
   1.2783996e+03	
   1.2783996e+03	
   1.2783996e+03	
   1.2783996e+03	
   1.2783996e+03	
   1.2783996e+03	
   1.2783996e+03	
   1.2783996e+03	
   1.2783996e+03	
   1.2783996e+03	
   1.2783996e+03	
   1.2783996e+03	
   1.2783996e+03	
   1.2783996e+03	
   1.2783996e+03	
   1.2933996e+03	
   1.2933996e+03	
   1.2933996e+03	
   1.2933996e+03	
   1.2933996e+03	
   1.2933996e+03	
   1.2933996e+03	
   1.2933996e+03	
   1.2933996e+03	
   1.2933996e+03	
   1.2933996e+03	
   1.2933996e+03	
   1.2933996e+03	
   1.2933996e+03	
   1.2933996e+03	
   1.2933996e+03	
   1.2933996e+03	
   1.2933996e+03	
   1.2933996e+03	
   1.2933996e+03	
   1.2933996e+03	
   1.2933996e+03	
   1.2933996e+03	
   1.2933996e+03	
   1.2933996e+03	
   1.2933996e+03	
   1.2933996e+03	
   1.2933996e+03	
   1.2933996e+03	
   1.2933996e+03	
   1.2933996e+03	
   1.2933996e+03	
   1.2933996e+03	
   1.2933996e+03	
   1.2933996e+03	
   1.2933996e+03	
   1.2933996e+03	
   1.3083996e+03	
   1.3083996e+03	
   1.3083996e+03	
   1.3083996e+03	
   1.3083996e+03	
   1.3083996e+03	
   1.3083996e+03	
   1.3083996e+03	
   1.3083996e+03	
   1.3083996e+03	
   1.3083996e+03	
   1.3083996e+03	
   1.3083996e+03	
   1.3083996e+03	
   1.3083996e+03	
   1.3083996e+03	
   1.3083996e+03	
   1.3083996e+03	
   1.3083996e+03	
   1.3083996e+03	
   1.3083996e+03	
   1.3083996e+03	
   1.3083996e+03	
   1.3083996e+03	
   1.3083996e+03	
   1.3083996e+03	
   1.3083996e+03	
   1.3083996e+03	
   1.3083996e+03	
   1.3083996e+03	
   1.3083996e+03	
   1.3083996e+03	
   1.3083996e+03	
   1.3083996e+03	
   1.3083996e+03	
   1.3083996e+03	
   1.3083996e+03	
   1.3233996e+03	
   1.3233996e+03	
   1.3233996e+03	
   1.3233996e+03	
   1.3233996e+03	
   1.3233996e+03	
   1.3233996e+03	
   1.3233996e+03	
   1.3233996e+03	
   1.3233996e+03	
   1.3233996e+03	
   1.3233996e+03	
   1.3233996e+03	
   1.3233996e+03	
   1.3233996e+03	
   1.3233996e+03	
   1.3233996e+03	
   1.3233996e+03	
   1.3233996e+03	
   1.3233996e+03	
   1.3233996e+03	
   1.3233996e+03	
   1.3233996e+03	
   1.3233996e+03	
   1.3233996e+03	
   1.3233996e+03	
   1.3233996e+03	
   1.3233996e+03	
   1.3233996e+03	
   1.3233996e+03	
   1.3233996e+03	
   1.3233996e+03	
   1.3233996e+03	
   1.3233996e+03	
   1.3233996e+03	
   1.3233996e+03	
   1.3233996e+03	
   1.3383996e+03	
   1.3383996e+03	
   1.3383996e+03	
   1.3383996e+03	
   1.3383996e+03	
   1.3383996e+03	
   1.3383996e+03	
   1.3383996e+03	
   1.3383996e+03	
   1.3383996e+03	
   1.3383996e+03	
   1.3383996e+03	
   1.3383996e+03	
   1.3383996e+03	
   1.3383996e+03	
   1.3383996e+03	
   1.3383996e+03	
   1.3383996e+03	
   1.3383996e+03	
   1.3383996e+03	
   1.3383996e+03	
   1.3383996e+03	
   1.3383996e+03	
   1.3383996e+03	
   1.3383996e+03	
   1.3383996e+03	
   1.3383996e+03	
   1.3383996e+03	
   1.3383996e+03	
   1.3383996e+03	
   1.3383996e+03	
   1.3383996e+03	
   1.3383996e+03	
   1.3383996e+03	
   1.3383996e+03	
   1.3383996e+03	
   1.3383996e+03	
   1.3533996e+03	
   1.3533996e+03	
   1.3533996e+03	
   1.3533996e+03	
   1.3533996e+03	
   1.3533996e+03	
   1.3533996e+03	
   1.3533996e+03	
   1.3533996e+03	
   1.3533996e+03	
   1.3533996e+03	
   1.3533996e+03	
   1.3533996e+03	
   1.3533996e+03	
   1.3533996e+03	
   1.3533996e+03	
   1.3533996e+03	
   1.3533996e+03	
   1.3533996e+03	
   1.3533996e+03	
   1.3533996e+03	
   1.3533996e+03	
   1.3533996e+03	
   1.3533996e+03	
   1.3533996e+03	
   1.3533996e+03	
   1.3533996e+03	
   1.3533996e+03	
   1.3533996e+03	
   1.3533996e+03	
   1.3533996e+03	
   1.3533996e+03	
   1.3533996e+03	
   1.3533996e+03	
   1.3533996e+03	
   1.3533996e+03	
   1.3533996e+03	
   1.3683996e+03	
   1.3683996e+03	
   1.3683996e+03	
   1.3683996e+03	
   1.3683996e+03	
   1.3683996e+03	
   1.3683996e+03	
   1.3683996e+03	
   1.3683996e+03	
   1.3683996e+03	
   1.3683996e+03	
   1.3683996e+03	
   1.3683996e+03	
   1.3683996e+03	
   1.3683996e+03	
   1.3683996e+03	
   1.3683996e+03	
   1.3683996e+03	
   1.3683996e+03	
   1.3683996e+03	
   1.3683996e+03	
   1.3683996e+03	
   1.3683996e+03	
   1.3683996e+03	
   1.3683996e+03	
   1.3683996e+03	
   1.3683996e+03	
   1.3683996e+03	
   1.3683996e+03	
   1.3683996e+03	
   1.3683996e+03	
   1.3683996e+03	
   1.3683996e+03	
   1.3683996e+03	
   1.3683996e+03	
   1.3683996e+03	
   1.3683996e+03	
   1.3833996e+03	
   1.3833996e+03	
   1.3833996e+03	
   1.3833996e+03	
   1.3833996e+03	
   1.3833996e+03	
   1.3833996e+03	
   1.3833996e+03	
   1.3833996e+03	
   1.3833996e+03	
   1.3833996e+03	
   1.3833996e+03	
   1.3833996e+03	
   1.3833996e+03	
   1.3833996e+03	
   1.3833996e+03	
   1.3833996e+03	
   1.3833996e+03	
   1.3833996e+03	
   1.3833996e+03	
   1.3833996e+03	
   1.3833996e+03	
   1.3833996e+03	
   1.3833996e+03	
   1.3833996e+03	
   1.3833996e+03	
   1.3833996e+03	
   1.3833996e+03	
   1.3833996e+03	
   1.3833996e+03	
   1.3833996e+03	
   1.3833996e+03	
   1.3833996e+03	
   1.3833996e+03	
   1.3833996e+03	
   1.3833996e+03	
   1.3833996e+03	
   1.3983996e+03	
   1.3983996e+03	
   1.3983996e+03	
   1.3983996e+03	
   1.3983996e+03	
   1.3983996e+03	
   1.3983996e+03	
   1.3983996e+03	
   1.3983996e+03	
   1.3983996e+03	
   1.3983996e+03	
   1.3983996e+03	
   1.3983996e+03	
   1.3983996e+03	
   1.3983996e+03	
   1.3983996e+03	
   1.3983996e+03	
   1.3983996e+03	
   1.3983996e+03	
   1.3983996e+03	
   1.3983996e+03	
   1.3983996e+03	
   1.3983996e+03	
   1.3983996e+03	
   1.3983996e+03	
   1.3983996e+03	
   1.3983996e+03	
   1.3983996e+03	
   1.3983996e+03	
   1.3983996e+03	
   1.3983996e+03	
   1.3983996e+03	
   1.3983996e+03	
   1.3983996e+03	
   1.3983996e+03	
   1.3983996e+03	
   1.3983996e+03	
   1.4133996e+03	
   1.4133996e+03	
   1.4133996e+03	
   1.4133996e+03	
   1.4133996e+03	
   1.4133996e+03	
   1.4133996e+03	
   1.4133996e+03	
   1.4133996e+03	
   1.4133996e+03	
   1.4133996e+03	
   1.4133996e+03	
   1.4133996e+03	
   1.4133996e+03	
   1.4133996e+03	
   1.4133996e+03	
   1.4133996e+03	
   1.4133996e+03	
   1.4133996e+03	
   1.4133996e+03	
   1.4133996e+03	
   1.4133996e+03	
   1.4133996e+03	
   1.4133996e+03	
   1.4133996e+03	
   1.4133996e+03	
   1.4133996e+03	
   1.4133996e+03	
   1.4133996e+03	
   1.4133996e+03	
   1.4133996e+03	
   1.4133996e+03	
   1.4133996e+03	
   1.4133996e+03	
   1.4133996e+03	
   1.4133996e+03	
   1.4133996e+03	
   1.4283996e+03	
   1.4283996e+03	
   1.4283996e+03	
   1.4283996e+03	
   1.4283996e+03	
   1.4283996e+03	
   1.4283996e+03	
   1.4283996e+03	
   1.4283996e+03	
   1.4283996e+03	
   1.4283996e+03	
   1.4283996e+03	
   1.4283996e+03	
   1.4283996e+03	
   1.4283996e+03	
   1.4283996e+03	
   1.4283996e+03	
   1.4283996e+03	
   1.4283996e+03	
   1.4283996e+03	
   1.4283996e+03	
   1.4283996e+03	
   1.4283996e+03	
   1.4283996e+03	
   1.4283996e+03	
   1.4283996e+03	
   1.4283996e+03	
   1.4283996e+03	
   1.4283996e+03	
   1.4283996e+03	
   1.4283996e+03	
   1.4283996e+03	
   1.4283996e+03	
   1.4283996e+03	
   1.4283996e+03	
   1.4283996e+03	
   1.4283996e+03	
   1.4433996e+03	
   1.4433996e+03	
   1.4433996e+03	
   1.4433996e+03	
   1.4433996e+03	
   1.4433996e+03	
   1.4433996e+03	
   1.4433996e+03	
   1.4433996e+03	
   1.4433996e+03	
   1.4433996e+03	
   1.4433996e+03	
   1.4433996e+03	
   1.4433996e+03	
   1.4433996e+03	
   1.4433996e+03	
   1.4433996e+03	
   1.4433996e+03	
   1.4433996e+03	
   1.4433996e+03	
   1.4433996e+03	
   1.4433996e+03	
   1.4433996e+03	
   1.4433996e+03	
   1.4433996e+03	
   1.4433996e+03	
   1.4433996e+03	
   1.4433996e+03	
   1.4433996e+03	
   1.4433996e+03	
   1.4433996e+03	
   1.4433996e+03	
   1.4433996e+03	
   1.4433996e+03	
   1.4433996e+03	
   1.4433996e+03	
   1.4433996e+03	
   1.4583996e+03	
   1.4583996e+03	
   1.4583996e+03	
   1.4583996e+03	
   1.4583996e+03	
   1.4583996e+03	
   1.4583996e+03	
   1.4583996e+03	
   1.4583996e+03	
   1.4583996e+03	
   1.4583996e+03	
   1.4583996e+03	
   1.4583996e+03	
   1.4583996e+03	
   1.4583996e+03	
   1.4583996e+03	
   1.4583996e+03	
   1.4583996e+03	
   1.4583996e+03	
   1.4583996e+03	
   1.4583996e+03	
   1.4583996e+03	
   1.4583996e+03	
   1.4583996e+03	
   1.4583996e+03	
   1.4583996e+03	
   1.4583996e+03	
   1.4583996e+03	
   1.4583996e+03	
   1.4583996e+03	
   1.4583996e+03	
   1.4583996e+03	
   1.4583996e+03	
   1.4583996e+03	
   1.4583996e+03	
   1.4583996e+03	
   1.4583996e+03	
   1.4733996e+03	
   1.4733996e+03	
   1.4733996e+03	
   1.4733996e+03	
   1.4733996e+03	
   1.4733996e+03	
   1.4733996e+03	
   1.4733996e+03	
   1.4733996e+03	
   1.4733996e+03	
   1.4733996e+03	
   1.4733996e+03	
   1.4733996e+03	
   1.4733996e+03	
   1.4733996e+03	
   1.4733996e+03	
   1.4733996e+03	
   1.4733996e+03	
   1.4733996e+03	
   1.4733996e+03	
   1.4733996e+03	
   1.4733996e+03	
   1.4733996e+03	
   1.4733996e+03	
   1.4733996e+03	
   1.4733996e+03	
   1.4733996e+03	
   1.4733996e+03	
   1.4733996e+03	
   1.4733996e+03	
   1.4733996e+03	
   1.4733996e+03	
   1.4733996e+03	
   1.4733996e+03	
   1.4733996e+03	
   1.4733996e+03	
   1.4733996e+03	
   1.4883996e+03	
   1.4883996e+03	
   1.4883996e+03	
   1.4883996e+03	
   1.4883996e+03	
   1.4883996e+03	
   1.4883996e+03	
   1.4883996e+03	
   1.4883996e+03	
   1.4883996e+03	
   1.4883996e+03	
   1.4883996e+03	
   1.4883996e+03	
   1.4883996e+03	
   1.4883996e+03	
   1.4883996e+03	
   1.4883996e+03	
   1.4883996e+03	
   1.4883996e+03	
   1.4883996e+03	
   1.4883996e+03	
   1.4883996e+03	
   1.4883996e+03	
   1.4883996e+03	
   1.4883996e+03	
   1.4883996e+03	
   1.4883996e+03	
   1.4883996e+03	
   1.4883996e+03	
   1.4883996e+03	
   1.4883996e+03	
   1.4883996e+03	
   1.4883996e+03	
   1.4883996e+03	
   1.4883996e+03	
   1.4883996e+03	
   1.4883996e+03	
   1.5033996e+03	
   1.5033996e+03	
   1.5033996e+03	
   1.5033996e+03	
   1.5033996e+03	
   1.5033996e+03	
   1.5033996e+03	
   1.5033996e+03	
   1.5033996e+03	
   1.5033996e+03	
   1.5033996e+03	
   1.5033996e+03	
   1.5033996e+03	
   1.5033996e+03	
   1.5033996e+03	
   1.5033996e+03	
   1.5033996e+03	
   1.5033996e+03	
   1.5033996e+03	
   1.5033996e+03	
   1.5033996e+03	
   1.5033996e+03	
   1.5033996e+03	
   1.5033996e+03	
   1.5033996e+03	
   1.5033996e+03	
   1.5033996e+03	
   1.5033996e+03	
   1.5033996e+03	
   1.5033996e+03	
   1.5033996e+03	
   1.5033996e+03	
   1.5033996e+03	
   1.5033996e+03	
   1.5033996e+03	
   1.5033996e+03	
   1.5033996e+03	
   1.5183996e+03	
   1.5183996e+03	
   1.5183996e+03	
   1.5183996e+03	
   1.5183996e+03	
   1.5183996e+03	
   1.5183996e+03	
   1.5183996e+03	
   1.5183996e+03	
   1.5183996e+03	
   1.5183996e+03	
   1.5183996e+03	
   1.5183996e+03	
   1.5183996e+03	
   1.5183996e+03	
   1.5183996e+03	
   1.5183996e+03	
   1.5183996e+03	
   1.5183996e+03	
   1.5183996e+03	
   1.5183996e+03	
   1.5183996e+03	
   1.5183996e+03	
   1.5183996e+03	
   1.5183996e+03	
   1.5183996e+03	
   1.5183996e+03	
   1.5183996e+03	
   1.5183996e+03	
   1.5183996e+03	
   1.5183996e+03	
   1.5183996e+03	
   1.5183996e+03	
   1.5183996e+03	
   1.5183996e+03	
   1.5183996e+03	
   1.5183996e+03	
   1.5333996e+03	
   1.5333996e+03	
   1.5333996e+03	
   1.5333996e+03	
   1.5333996e+03	
   1.5333996e+03	
   1.5333996e+03	
   1.5333996e+03	
   1.5333996e+03	
   1.5333996e+03	
   1.5333996e+03	
   1.5333996e+03	
   1.5333996e+03	
   1.5333996e+03	
   1.5333996e+03	
   1.5333996e+03	
   1.5333996e+03	
   1.5333996e+03	
   1.5333996e+03	
   1.5333996e+03	
   1.5333996e+03	
   1.5333996e+03	
   1.5333996e+03	
   1.5333996e+03	
   1.5333996e+03	
   1.5333996e+03	
   1.5333996e+03	
   1.5333996e+03	
   1.5333996e+03	
   1.5333996e+03	
   1.5333996e+03	
   1.5333996e+03	
   1.5333996e+03	
   1.5333996e+03	
   1.5333996e+03	
   1.5333996e+03	
   1.5333996e+03	
   1.5483996e+03	
   1.5483996e+03	
   1.5483996e+03	
   1.5483996e+03	
   1.5483996e+03	
   1.5483996e+03	
   1.5483996e+03	
   1.5483996e+03	
   1.5483996e+03	
   1.5483996e+03	
   1.5483996e+03	
   1.5483996e+03	
   1.5483996e+03	
   1.5483996e+03	
   1.5483996e+03	
   1.5483996e+03	
   1.5483996e+03	
   1.5483996e+03	
   1.5483996e+03	
   1.5483996e+03	
   1.5483996e+03	
   1.5483996e+03	
   1.5483996e+03	
   1.5483996e+03	
   1.5483996e+03	
   1.5483996e+03	
   1.5483996e+03	
   1.5483996e+03	
   1.5483996e+03	
   1.5483996e+03	
   1.5483996e+03	
   1.5483996e+03	
   1.5483996e+03	
   1.5483996e+03	
   1.5483996e+03	
   1.5483996e+03	
   1.5483996e+03	
   1.5633996e+03	
   1.5633996e+03	
   1.5633996e+03	
   1.5633996e+03	
   1.5633996e+03	
   1.5633996e+03	
   1.5633996e+03	
   1.5633996e+03	
   1.5633996e+03	
   1.5633996e+03	
   1.5633996e+03	
   1.5633996e+03	
   1.5633996e+03	
   1.5633996e+03	
   1.5633996e+03	
   1.5633996e+03	
   1.5633996e+03	
   1.5633996e+03	
   1.5633996e+03	
   1.5633996e+03	
   1.5633996e+03	
   1.5633996e+03	
   1.5633996e+03	
   1.5633996e+03	
   1.5633996e+03	
   1.5633996e+03	
   1.5633996e+03	
   1.5633996e+03	
   1.5633996e+03	
   1.5633996e+03	
   1.5633996e+03	
   1.5633996e+03	
   1.5633996e+03	
   1.5633996e+03	
   1.5633996e+03	
   1.5633996e+03	
   1.5633996e+03	
