   7.2786059e+02	
   7.2786059e+02	
   7.2786059e+02	
   7.2786059e+02	
   7.2786059e+02	
   7.2786059e+02	
   7.2786059e+02	
   7.2786059e+02	
   7.2786059e+02	
   7.2786059e+02	
   7.2786059e+02	
   7.2786059e+02	
   7.4286059e+02	
   7.4286059e+02	
   7.4286059e+02	
   7.4286059e+02	
   7.4286059e+02	
   7.4286059e+02	
   7.4286059e+02	
   7.4286059e+02	
   7.4286059e+02	
   7.4286059e+02	
   7.4286059e+02	
   7.4286059e+02	
   7.5786059e+02	
   7.5786059e+02	
   7.5786059e+02	
   7.5786059e+02	
   7.5786059e+02	
   7.5786059e+02	
   7.5786059e+02	
   7.5786059e+02	
   7.5786059e+02	
   7.5786059e+02	
   7.5786059e+02	
   7.5786059e+02	
   7.7286059e+02	
   7.7286059e+02	
   7.7286059e+02	
   7.7286059e+02	
   7.7286059e+02	
   7.7286059e+02	
   7.7286059e+02	
   7.7286059e+02	
   7.7286059e+02	
   7.7286059e+02	
   7.7286059e+02	
   7.7286059e+02	
   7.8786059e+02	
   7.8786059e+02	
   7.8786059e+02	
   7.8786059e+02	
   7.8786059e+02	
   7.8786059e+02	
   7.8786059e+02	
   7.8786059e+02	
   7.8786059e+02	
   7.8786059e+02	
   7.8786059e+02	
   7.8786059e+02	
   8.0286059e+02	
   8.0286059e+02	
   8.0286059e+02	
   8.0286059e+02	
   8.0286059e+02	
   8.0286059e+02	
   8.0286059e+02	
   8.0286059e+02	
   8.0286059e+02	
   8.0286059e+02	
   8.0286059e+02	
   8.0286059e+02	
   8.1786059e+02	
   8.1786059e+02	
   8.1786059e+02	
   8.1786059e+02	
   8.1786059e+02	
   8.1786059e+02	
   8.1786059e+02	
   8.1786059e+02	
   8.1786059e+02	
   8.1786059e+02	
   8.1786059e+02	
   8.1786059e+02	
   8.3286059e+02	
   8.3286059e+02	
   8.3286059e+02	
   8.3286059e+02	
   8.3286059e+02	
   8.3286059e+02	
   8.3286059e+02	
   8.3286059e+02	
   8.3286059e+02	
   8.3286059e+02	
   8.3286059e+02	
   8.3286059e+02	
   8.4786059e+02	
   8.4786059e+02	
   8.4786059e+02	
   8.4786059e+02	
   8.4786059e+02	
   8.4786059e+02	
   8.4786059e+02	
   8.4786059e+02	
   8.4786059e+02	
   8.4786059e+02	
   8.4786059e+02	
   8.4786059e+02	
   8.6286059e+02	
   8.6286059e+02	
   8.6286059e+02	
   8.6286059e+02	
   8.6286059e+02	
   8.6286059e+02	
   8.6286059e+02	
   8.6286059e+02	
   8.6286059e+02	
   8.6286059e+02	
   8.6286059e+02	
   8.6286059e+02	
   8.7786059e+02	
   8.7786059e+02	
   8.7786059e+02	
   8.7786059e+02	
   8.7786059e+02	
   8.7786059e+02	
   8.7786059e+02	
   8.7786059e+02	
   8.7786059e+02	
   8.7786059e+02	
   8.7786059e+02	
   8.7786059e+02	
   8.9286059e+02	
   8.9286059e+02	
   8.9286059e+02	
   8.9286059e+02	
   8.9286059e+02	
   8.9286059e+02	
   8.9286059e+02	
   8.9286059e+02	
   8.9286059e+02	
   8.9286059e+02	
   8.9286059e+02	
   8.9286059e+02	
   9.0786059e+02	
   9.0786059e+02	
   9.0786059e+02	
   9.0786059e+02	
   9.0786059e+02	
   9.0786059e+02	
   9.0786059e+02	
   9.0786059e+02	
   9.0786059e+02	
   9.0786059e+02	
   9.0786059e+02	
   9.0786059e+02	
   9.2286059e+02	
   9.2286059e+02	
   9.2286059e+02	
   9.2286059e+02	
   9.2286059e+02	
   9.2286059e+02	
   9.2286059e+02	
   9.2286059e+02	
   9.2286059e+02	
   9.2286059e+02	
   9.2286059e+02	
   9.2286059e+02	
   9.3786059e+02	
   9.3786059e+02	
   9.3786059e+02	
   9.3786059e+02	
   9.3786059e+02	
   9.3786059e+02	
   9.3786059e+02	
   9.3786059e+02	
   9.3786059e+02	
   9.3786059e+02	
   9.3786059e+02	
   9.3786059e+02	
   9.5286059e+02	
   9.5286059e+02	
   9.5286059e+02	
   9.5286059e+02	
   9.5286059e+02	
   9.5286059e+02	
   9.5286059e+02	
   9.5286059e+02	
   9.5286059e+02	
   9.5286059e+02	
   9.5286059e+02	
   9.5286059e+02	
   9.6786059e+02	
   9.6786059e+02	
   9.6786059e+02	
   9.6786059e+02	
   9.6786059e+02	
   9.6786059e+02	
   9.6786059e+02	
   9.6786059e+02	
   9.6786059e+02	
   9.6786059e+02	
   9.6786059e+02	
   9.6786059e+02	
   9.8286059e+02	
   9.8286059e+02	
   9.8286059e+02	
   9.8286059e+02	
   9.8286059e+02	
   9.8286059e+02	
   9.8286059e+02	
   9.8286059e+02	
   9.8286059e+02	
   9.8286059e+02	
   9.8286059e+02	
   9.8286059e+02	
   9.9786059e+02	
   9.9786059e+02	
   9.9786059e+02	
   9.9786059e+02	
   9.9786059e+02	
   9.9786059e+02	
   9.9786059e+02	
   9.9786059e+02	
   9.9786059e+02	
   9.9786059e+02	
   9.9786059e+02	
   9.9786059e+02	
   1.0128606e+03	
   1.0128606e+03	
   1.0128606e+03	
   1.0128606e+03	
   1.0128606e+03	
   1.0128606e+03	
   1.0128606e+03	
   1.0128606e+03	
   1.0128606e+03	
   1.0128606e+03	
   1.0128606e+03	
   1.0128606e+03	
   1.0278606e+03	
   1.0278606e+03	
   1.0278606e+03	
   1.0278606e+03	
   1.0278606e+03	
   1.0278606e+03	
   1.0278606e+03	
   1.0278606e+03	
   1.0278606e+03	
   1.0278606e+03	
   1.0278606e+03	
   1.0278606e+03	
   1.0428606e+03	
   1.0428606e+03	
   1.0428606e+03	
   1.0428606e+03	
   1.0428606e+03	
   1.0428606e+03	
   1.0428606e+03	
   1.0428606e+03	
   1.0428606e+03	
   1.0428606e+03	
   1.0428606e+03	
   1.0428606e+03	
   1.0578606e+03	
   1.0578606e+03	
   1.0578606e+03	
   1.0578606e+03	
   1.0578606e+03	
   1.0578606e+03	
   1.0578606e+03	
   1.0578606e+03	
   1.0578606e+03	
   1.0578606e+03	
   1.0578606e+03	
   1.0578606e+03	
   1.0728606e+03	
   1.0728606e+03	
   1.0728606e+03	
   1.0728606e+03	
   1.0728606e+03	
   1.0728606e+03	
   1.0728606e+03	
   1.0728606e+03	
   1.0728606e+03	
   1.0728606e+03	
   1.0728606e+03	
   1.0728606e+03	
   1.0878606e+03	
   1.0878606e+03	
   1.0878606e+03	
   1.0878606e+03	
   1.0878606e+03	
   1.0878606e+03	
   1.0878606e+03	
   1.0878606e+03	
   1.0878606e+03	
   1.0878606e+03	
   1.0878606e+03	
   1.0878606e+03	
   1.1028606e+03	
   1.1028606e+03	
   1.1028606e+03	
   1.1028606e+03	
   1.1028606e+03	
   1.1028606e+03	
   1.1028606e+03	
   1.1028606e+03	
   1.1028606e+03	
   1.1028606e+03	
   1.1028606e+03	
   1.1028606e+03	
   1.1178606e+03	
   1.1178606e+03	
   1.1178606e+03	
   1.1178606e+03	
   1.1178606e+03	
   1.1178606e+03	
   1.1178606e+03	
   1.1178606e+03	
   1.1178606e+03	
   1.1178606e+03	
   1.1178606e+03	
   1.1178606e+03	
   1.1328606e+03	
   1.1328606e+03	
   1.1328606e+03	
   1.1328606e+03	
   1.1328606e+03	
   1.1328606e+03	
   1.1328606e+03	
   1.1328606e+03	
   1.1328606e+03	
   1.1328606e+03	
   1.1328606e+03	
   1.1328606e+03	
   1.1478606e+03	
   1.1478606e+03	
   1.1478606e+03	
   1.1478606e+03	
   1.1478606e+03	
   1.1478606e+03	
   1.1478606e+03	
   1.1478606e+03	
   1.1478606e+03	
   1.1478606e+03	
   1.1478606e+03	
   1.1478606e+03	
   1.1628606e+03	
   1.1628606e+03	
   1.1628606e+03	
   1.1628606e+03	
   1.1628606e+03	
   1.1628606e+03	
   1.1628606e+03	
   1.1628606e+03	
   1.1628606e+03	
   1.1628606e+03	
   1.1628606e+03	
   1.1628606e+03	
   1.1778606e+03	
   1.1778606e+03	
   1.1778606e+03	
   1.1778606e+03	
   1.1778606e+03	
   1.1778606e+03	
   1.1778606e+03	
   1.1778606e+03	
   1.1778606e+03	
   1.1778606e+03	
   1.1778606e+03	
   1.1778606e+03	
   1.1928606e+03	
   1.1928606e+03	
   1.1928606e+03	
   1.1928606e+03	
   1.1928606e+03	
   1.1928606e+03	
   1.1928606e+03	
   1.1928606e+03	
   1.1928606e+03	
   1.1928606e+03	
   1.1928606e+03	
   1.1928606e+03	
   1.2078606e+03	
   1.2078606e+03	
   1.2078606e+03	
   1.2078606e+03	
   1.2078606e+03	
   1.2078606e+03	
   1.2078606e+03	
   1.2078606e+03	
   1.2078606e+03	
   1.2078606e+03	
   1.2078606e+03	
   1.2078606e+03	
   1.2228606e+03	
   1.2228606e+03	
   1.2228606e+03	
   1.2228606e+03	
   1.2228606e+03	
   1.2228606e+03	
   1.2228606e+03	
   1.2228606e+03	
   1.2228606e+03	
   1.2228606e+03	
   1.2228606e+03	
   1.2228606e+03	
   1.2378606e+03	
   1.2378606e+03	
   1.2378606e+03	
   1.2378606e+03	
   1.2378606e+03	
   1.2378606e+03	
   1.2378606e+03	
   1.2378606e+03	
   1.2378606e+03	
   1.2378606e+03	
   1.2378606e+03	
   1.2378606e+03	
   1.2528606e+03	
   1.2528606e+03	
   1.2528606e+03	
   1.2528606e+03	
   1.2528606e+03	
   1.2528606e+03	
   1.2528606e+03	
   1.2528606e+03	
   1.2528606e+03	
   1.2528606e+03	
   1.2528606e+03	
   1.2528606e+03	
   1.2678606e+03	
   1.2678606e+03	
   1.2678606e+03	
   1.2678606e+03	
   1.2678606e+03	
   1.2678606e+03	
   1.2678606e+03	
   1.2678606e+03	
   1.2678606e+03	
   1.2678606e+03	
   1.2678606e+03	
   1.2678606e+03	
   1.2828606e+03	
   1.2828606e+03	
   1.2828606e+03	
   1.2828606e+03	
   1.2828606e+03	
   1.2828606e+03	
   1.2828606e+03	
   1.2828606e+03	
   1.2828606e+03	
   1.2828606e+03	
   1.2828606e+03	
   1.2828606e+03	
   1.2978606e+03	
   1.2978606e+03	
   1.2978606e+03	
   1.2978606e+03	
   1.2978606e+03	
   1.2978606e+03	
   1.2978606e+03	
   1.2978606e+03	
   1.2978606e+03	
   1.2978606e+03	
   1.2978606e+03	
   1.2978606e+03	
   1.3128606e+03	
   1.3128606e+03	
   1.3128606e+03	
   1.3128606e+03	
   1.3128606e+03	
   1.3128606e+03	
   1.3128606e+03	
   1.3128606e+03	
   1.3128606e+03	
   1.3128606e+03	
   1.3128606e+03	
   1.3128606e+03	
   1.3278606e+03	
   1.3278606e+03	
   1.3278606e+03	
   1.3278606e+03	
   1.3278606e+03	
   1.3278606e+03	
   1.3278606e+03	
   1.3278606e+03	
   1.3278606e+03	
   1.3278606e+03	
   1.3278606e+03	
   1.3278606e+03	
   1.3428606e+03	
   1.3428606e+03	
   1.3428606e+03	
   1.3428606e+03	
   1.3428606e+03	
   1.3428606e+03	
   1.3428606e+03	
   1.3428606e+03	
   1.3428606e+03	
   1.3428606e+03	
   1.3428606e+03	
   1.3428606e+03	
   1.3578606e+03	
   1.3578606e+03	
   1.3578606e+03	
   1.3578606e+03	
   1.3578606e+03	
   1.3578606e+03	
   1.3578606e+03	
   1.3578606e+03	
   1.3578606e+03	
   1.3578606e+03	
   1.3578606e+03	
   1.3578606e+03	
   1.3728606e+03	
   1.3728606e+03	
   1.3728606e+03	
   1.3728606e+03	
   1.3728606e+03	
   1.3728606e+03	
   1.3728606e+03	
   1.3728606e+03	
   1.3728606e+03	
   1.3728606e+03	
   1.3728606e+03	
   1.3728606e+03	
   1.3878606e+03	
   1.3878606e+03	
   1.3878606e+03	
   1.3878606e+03	
   1.3878606e+03	
   1.3878606e+03	
   1.3878606e+03	
   1.3878606e+03	
   1.3878606e+03	
   1.3878606e+03	
   1.3878606e+03	
   1.3878606e+03	
   1.4028606e+03	
   1.4028606e+03	
   1.4028606e+03	
   1.4028606e+03	
   1.4028606e+03	
   1.4028606e+03	
   1.4028606e+03	
   1.4028606e+03	
   1.4028606e+03	
   1.4028606e+03	
   1.4028606e+03	
   1.4028606e+03	
   1.4178606e+03	
   1.4178606e+03	
   1.4178606e+03	
   1.4178606e+03	
   1.4178606e+03	
   1.4178606e+03	
   1.4178606e+03	
   1.4178606e+03	
   1.4178606e+03	
   1.4178606e+03	
   1.4178606e+03	
   1.4178606e+03	
   1.4328606e+03	
   1.4328606e+03	
   1.4328606e+03	
   1.4328606e+03	
   1.4328606e+03	
   1.4328606e+03	
   1.4328606e+03	
   1.4328606e+03	
   1.4328606e+03	
   1.4328606e+03	
   1.4328606e+03	
   1.4328606e+03	
   1.4478606e+03	
   1.4478606e+03	
   1.4478606e+03	
   1.4478606e+03	
   1.4478606e+03	
   1.4478606e+03	
   1.4478606e+03	
   1.4478606e+03	
   1.4478606e+03	
   1.4478606e+03	
   1.4478606e+03	
   1.4478606e+03	
   1.4628606e+03	
   1.4628606e+03	
   1.4628606e+03	
   1.4628606e+03	
   1.4628606e+03	
   1.4628606e+03	
   1.4628606e+03	
   1.4628606e+03	
   1.4628606e+03	
   1.4628606e+03	
   1.4628606e+03	
   1.4628606e+03	
   1.4778606e+03	
   1.4778606e+03	
   1.4778606e+03	
   1.4778606e+03	
   1.4778606e+03	
   1.4778606e+03	
   1.4778606e+03	
   1.4778606e+03	
   1.4778606e+03	
   1.4778606e+03	
   1.4778606e+03	
   1.4778606e+03	
   1.4928606e+03	
   1.4928606e+03	
   1.4928606e+03	
   1.4928606e+03	
   1.4928606e+03	
   1.4928606e+03	
   1.4928606e+03	
   1.4928606e+03	
   1.4928606e+03	
   1.4928606e+03	
   1.4928606e+03	
   1.4928606e+03	
   1.5078606e+03	
   1.5078606e+03	
   1.5078606e+03	
   1.5078606e+03	
   1.5078606e+03	
   1.5078606e+03	
   1.5078606e+03	
   1.5078606e+03	
   1.5078606e+03	
   1.5078606e+03	
   1.5078606e+03	
   1.5078606e+03	
   1.5228606e+03	
   1.5228606e+03	
   1.5228606e+03	
   1.5228606e+03	
   1.5228606e+03	
   1.5228606e+03	
   1.5228606e+03	
   1.5228606e+03	
   1.5228606e+03	
   1.5228606e+03	
   1.5228606e+03	
   1.5228606e+03	
   1.5378606e+03	
   1.5378606e+03	
   1.5378606e+03	
   1.5378606e+03	
   1.5378606e+03	
   1.5378606e+03	
   1.5378606e+03	
   1.5378606e+03	
   1.5378606e+03	
   1.5378606e+03	
   1.5378606e+03	
   1.5378606e+03	
   1.5528606e+03	
   1.5528606e+03	
   1.5528606e+03	
   1.5528606e+03	
   1.5528606e+03	
   1.5528606e+03	
   1.5528606e+03	
   1.5528606e+03	
   1.5528606e+03	
   1.5528606e+03	
   1.5528606e+03	
   1.5528606e+03	
   1.5678606e+03	
   1.5678606e+03	
   1.5678606e+03	
   1.5678606e+03	
   1.5678606e+03	
   1.5678606e+03	
   1.5678606e+03	
   1.5678606e+03	
   1.5678606e+03	
   1.5678606e+03	
   1.5678606e+03	
   1.5678606e+03	
