   4.1900000e+02	
   4.1900000e+02	
   4.1900000e+02	
   4.1900000e+02	
   4.1900000e+02	
   4.1900000e+02	
   4.1900000e+02	
   4.1900000e+02	
   4.1900000e+02	
   4.1900000e+02	
   4.1900000e+02	
   4.1900000e+02	
   4.1900000e+02	
   4.1900000e+02	
   4.1900000e+02	
   4.1900000e+02	
   4.2900000e+02	
   4.2900000e+02	
   4.2900000e+02	
   4.2900000e+02	
   4.2900000e+02	
   4.2900000e+02	
   4.2900000e+02	
   4.2900000e+02	
   4.2900000e+02	
   4.2900000e+02	
   4.2900000e+02	
   4.2900000e+02	
   4.2900000e+02	
   4.2900000e+02	
   4.2900000e+02	
   4.2900000e+02	
   4.3900000e+02	
   4.3900000e+02	
   4.3900000e+02	
   4.3900000e+02	
   4.3900000e+02	
   4.3900000e+02	
   4.3900000e+02	
   4.3900000e+02	
   4.3900000e+02	
   4.3900000e+02	
   4.3900000e+02	
   4.3900000e+02	
   4.3900000e+02	
   4.3900000e+02	
   4.3900000e+02	
   4.3900000e+02	
   4.4900000e+02	
   4.4900000e+02	
   4.4900000e+02	
   4.4900000e+02	
   4.4900000e+02	
   4.4900000e+02	
   4.4900000e+02	
   4.4900000e+02	
   4.4900000e+02	
   4.4900000e+02	
   4.4900000e+02	
   4.4900000e+02	
   4.4900000e+02	
   4.4900000e+02	
   4.4900000e+02	
   4.4900000e+02	
   4.5900000e+02	
   4.5900000e+02	
   4.5900000e+02	
   4.5900000e+02	
   4.5900000e+02	
   4.5900000e+02	
   4.5900000e+02	
   4.5900000e+02	
   4.5900000e+02	
   4.5900000e+02	
   4.5900000e+02	
   4.5900000e+02	
   4.5900000e+02	
   4.5900000e+02	
   4.5900000e+02	
   4.5900000e+02	
   4.6900000e+02	
   4.6900000e+02	
   4.6900000e+02	
   4.6900000e+02	
   4.6900000e+02	
   4.6900000e+02	
   4.6900000e+02	
   4.6900000e+02	
   4.6900000e+02	
   4.6900000e+02	
   4.6900000e+02	
   4.6900000e+02	
   4.6900000e+02	
   4.6900000e+02	
   4.6900000e+02	
   4.6900000e+02	
   4.7900000e+02	
   4.7900000e+02	
   4.7900000e+02	
   4.7900000e+02	
   4.7900000e+02	
   4.7900000e+02	
   4.7900000e+02	
   4.7900000e+02	
   4.7900000e+02	
   4.7900000e+02	
   4.7900000e+02	
   4.7900000e+02	
   4.7900000e+02	
   4.7900000e+02	
   4.7900000e+02	
   4.7900000e+02	
   4.8900000e+02	
   4.8900000e+02	
   4.8900000e+02	
   4.8900000e+02	
   4.8900000e+02	
   4.8900000e+02	
   4.8900000e+02	
   4.8900000e+02	
   4.8900000e+02	
   4.8900000e+02	
   4.8900000e+02	
   4.8900000e+02	
   4.8900000e+02	
   4.8900000e+02	
   4.8900000e+02	
   4.8900000e+02	
   4.9900000e+02	
   4.9900000e+02	
   4.9900000e+02	
   4.9900000e+02	
   4.9900000e+02	
   4.9900000e+02	
   4.9900000e+02	
   4.9900000e+02	
   4.9900000e+02	
   4.9900000e+02	
   4.9900000e+02	
   4.9900000e+02	
   4.9900000e+02	
   4.9900000e+02	
   4.9900000e+02	
   4.9900000e+02	
   5.0900000e+02	
   5.0900000e+02	
   5.0900000e+02	
   5.0900000e+02	
   5.0900000e+02	
   5.0900000e+02	
   5.0900000e+02	
   5.0900000e+02	
   5.0900000e+02	
   5.0900000e+02	
   5.0900000e+02	
   5.0900000e+02	
   5.0900000e+02	
   5.0900000e+02	
   5.0900000e+02	
   5.0900000e+02	
   5.1900000e+02	
   5.1900000e+02	
   5.1900000e+02	
   5.1900000e+02	
   5.1900000e+02	
   5.1900000e+02	
   5.1900000e+02	
   5.1900000e+02	
   5.1900000e+02	
   5.1900000e+02	
   5.1900000e+02	
   5.1900000e+02	
   5.1900000e+02	
   5.1900000e+02	
   5.1900000e+02	
   5.1900000e+02	
   5.2900000e+02	
   5.2900000e+02	
   5.2900000e+02	
   5.2900000e+02	
   5.2900000e+02	
   5.2900000e+02	
   5.2900000e+02	
   5.2900000e+02	
   5.2900000e+02	
   5.2900000e+02	
   5.2900000e+02	
   5.2900000e+02	
   5.2900000e+02	
   5.2900000e+02	
   5.2900000e+02	
   5.2900000e+02	
   5.3900000e+02	
   5.3900000e+02	
   5.3900000e+02	
   5.3900000e+02	
   5.3900000e+02	
   5.3900000e+02	
   5.3900000e+02	
   5.3900000e+02	
   5.3900000e+02	
   5.3900000e+02	
   5.3900000e+02	
   5.3900000e+02	
   5.3900000e+02	
   5.3900000e+02	
   5.3900000e+02	
   5.3900000e+02	
   5.4900000e+02	
   5.4900000e+02	
   5.4900000e+02	
   5.4900000e+02	
   5.4900000e+02	
   5.4900000e+02	
   5.4900000e+02	
   5.4900000e+02	
   5.4900000e+02	
   5.4900000e+02	
   5.4900000e+02	
   5.4900000e+02	
   5.4900000e+02	
   5.4900000e+02	
   5.4900000e+02	
   5.4900000e+02	
   5.5900000e+02	
   5.5900000e+02	
   5.5900000e+02	
   5.5900000e+02	
   5.5900000e+02	
   5.5900000e+02	
   5.5900000e+02	
   5.5900000e+02	
   5.5900000e+02	
   5.5900000e+02	
   5.5900000e+02	
   5.5900000e+02	
   5.5900000e+02	
   5.5900000e+02	
   5.5900000e+02	
   5.5900000e+02	
   5.6900000e+02	
   5.6900000e+02	
   5.6900000e+02	
   5.6900000e+02	
   5.6900000e+02	
   5.6900000e+02	
   5.6900000e+02	
   5.6900000e+02	
   5.6900000e+02	
   5.6900000e+02	
   5.6900000e+02	
   5.6900000e+02	
   5.6900000e+02	
   5.6900000e+02	
   5.6900000e+02	
   5.6900000e+02	
   5.7900000e+02	
   5.7900000e+02	
   5.7900000e+02	
   5.7900000e+02	
   5.7900000e+02	
   5.7900000e+02	
   5.7900000e+02	
   5.7900000e+02	
   5.7900000e+02	
   5.7900000e+02	
   5.7900000e+02	
   5.7900000e+02	
   5.7900000e+02	
   5.7900000e+02	
   5.7900000e+02	
   5.7900000e+02	
   5.8900000e+02	
   5.8900000e+02	
   5.8900000e+02	
   5.8900000e+02	
   5.8900000e+02	
   5.8900000e+02	
   5.8900000e+02	
   5.8900000e+02	
   5.8900000e+02	
   5.8900000e+02	
   5.8900000e+02	
   5.8900000e+02	
   5.8900000e+02	
   5.8900000e+02	
   5.8900000e+02	
   5.8900000e+02	
   5.9900000e+02	
   5.9900000e+02	
   5.9900000e+02	
   5.9900000e+02	
   5.9900000e+02	
   5.9900000e+02	
   5.9900000e+02	
   5.9900000e+02	
   5.9900000e+02	
   5.9900000e+02	
   5.9900000e+02	
   5.9900000e+02	
   5.9900000e+02	
   5.9900000e+02	
   5.9900000e+02	
   5.9900000e+02	
   6.0900000e+02	
   6.0900000e+02	
   6.0900000e+02	
   6.0900000e+02	
   6.0900000e+02	
   6.0900000e+02	
   6.0900000e+02	
   6.0900000e+02	
   6.0900000e+02	
   6.0900000e+02	
   6.0900000e+02	
   6.0900000e+02	
   6.0900000e+02	
   6.0900000e+02	
   6.0900000e+02	
   6.0900000e+02	
   6.1900000e+02	
   6.1900000e+02	
   6.1900000e+02	
   6.1900000e+02	
   6.1900000e+02	
   6.1900000e+02	
   6.1900000e+02	
   6.1900000e+02	
   6.1900000e+02	
   6.1900000e+02	
   6.1900000e+02	
   6.1900000e+02	
   6.1900000e+02	
   6.1900000e+02	
   6.1900000e+02	
   6.1900000e+02	
   6.2900000e+02	
   6.2900000e+02	
   6.2900000e+02	
   6.2900000e+02	
   6.2900000e+02	
   6.2900000e+02	
   6.2900000e+02	
   6.2900000e+02	
   6.2900000e+02	
   6.2900000e+02	
   6.2900000e+02	
   6.2900000e+02	
   6.2900000e+02	
   6.2900000e+02	
   6.2900000e+02	
   6.2900000e+02	
   6.3900000e+02	
   6.3900000e+02	
   6.3900000e+02	
   6.3900000e+02	
   6.3900000e+02	
   6.3900000e+02	
   6.3900000e+02	
   6.3900000e+02	
   6.3900000e+02	
   6.3900000e+02	
   6.3900000e+02	
   6.3900000e+02	
   6.3900000e+02	
   6.3900000e+02	
   6.3900000e+02	
   6.3900000e+02	
   6.4900000e+02	
   6.4900000e+02	
   6.4900000e+02	
   6.4900000e+02	
   6.4900000e+02	
   6.4900000e+02	
   6.4900000e+02	
   6.4900000e+02	
   6.4900000e+02	
   6.4900000e+02	
   6.4900000e+02	
   6.4900000e+02	
   6.4900000e+02	
   6.4900000e+02	
   6.4900000e+02	
   6.4900000e+02	
   6.5900000e+02	
   6.5900000e+02	
   6.5900000e+02	
   6.5900000e+02	
   6.5900000e+02	
   6.5900000e+02	
   6.5900000e+02	
   6.5900000e+02	
   6.5900000e+02	
   6.5900000e+02	
   6.5900000e+02	
   6.5900000e+02	
   6.5900000e+02	
   6.5900000e+02	
   6.5900000e+02	
   6.5900000e+02	
   6.6900000e+02	
   6.6900000e+02	
   6.6900000e+02	
   6.6900000e+02	
   6.6900000e+02	
   6.6900000e+02	
   6.6900000e+02	
   6.6900000e+02	
   6.6900000e+02	
   6.6900000e+02	
   6.6900000e+02	
   6.6900000e+02	
   6.6900000e+02	
   6.6900000e+02	
   6.6900000e+02	
   6.6900000e+02	
   6.7900000e+02	
   6.7900000e+02	
   6.7900000e+02	
   6.7900000e+02	
   6.7900000e+02	
   6.7900000e+02	
   6.7900000e+02	
   6.7900000e+02	
   6.7900000e+02	
   6.7900000e+02	
   6.7900000e+02	
   6.7900000e+02	
   6.7900000e+02	
   6.7900000e+02	
   6.7900000e+02	
   6.7900000e+02	
   6.8900000e+02	
   6.8900000e+02	
   6.8900000e+02	
   6.8900000e+02	
   6.8900000e+02	
   6.8900000e+02	
   6.8900000e+02	
   6.8900000e+02	
   6.8900000e+02	
   6.8900000e+02	
   6.8900000e+02	
   6.8900000e+02	
   6.8900000e+02	
   6.8900000e+02	
   6.8900000e+02	
   6.8900000e+02	
   6.9900000e+02	
   6.9900000e+02	
   6.9900000e+02	
   6.9900000e+02	
   6.9900000e+02	
   6.9900000e+02	
   6.9900000e+02	
   6.9900000e+02	
   6.9900000e+02	
   6.9900000e+02	
   6.9900000e+02	
   6.9900000e+02	
   6.9900000e+02	
   6.9900000e+02	
   6.9900000e+02	
   6.9900000e+02	
   7.0900000e+02	
   7.0900000e+02	
   7.0900000e+02	
   7.0900000e+02	
   7.0900000e+02	
   7.0900000e+02	
   7.0900000e+02	
   7.0900000e+02	
   7.0900000e+02	
   7.0900000e+02	
   7.0900000e+02	
   7.0900000e+02	
   7.0900000e+02	
   7.0900000e+02	
   7.0900000e+02	
   7.0900000e+02	
   7.1900000e+02	
   7.1900000e+02	
   7.1900000e+02	
   7.1900000e+02	
   7.1900000e+02	
   7.1900000e+02	
   7.1900000e+02	
   7.1900000e+02	
   7.1900000e+02	
   7.1900000e+02	
   7.1900000e+02	
   7.1900000e+02	
   7.1900000e+02	
   7.1900000e+02	
   7.1900000e+02	
   7.1900000e+02	
   7.2900000e+02	
   7.2900000e+02	
   7.2900000e+02	
   7.2900000e+02	
   7.2900000e+02	
   7.2900000e+02	
   7.2900000e+02	
   7.2900000e+02	
   7.2900000e+02	
   7.2900000e+02	
   7.2900000e+02	
   7.2900000e+02	
   7.2900000e+02	
   7.2900000e+02	
   7.2900000e+02	
   7.2900000e+02	
   7.3900000e+02	
   7.3900000e+02	
   7.3900000e+02	
   7.3900000e+02	
   7.3900000e+02	
   7.3900000e+02	
   7.3900000e+02	
   7.3900000e+02	
   7.3900000e+02	
   7.3900000e+02	
   7.3900000e+02	
   7.3900000e+02	
   7.3900000e+02	
   7.3900000e+02	
   7.3900000e+02	
   7.3900000e+02	
   7.4900000e+02	
   7.4900000e+02	
   7.4900000e+02	
   7.4900000e+02	
   7.4900000e+02	
   7.4900000e+02	
   7.4900000e+02	
   7.4900000e+02	
   7.4900000e+02	
   7.4900000e+02	
   7.4900000e+02	
   7.4900000e+02	
   7.4900000e+02	
   7.4900000e+02	
   7.4900000e+02	
   7.4900000e+02	
