   2.6950000e+02	
   2.7950000e+02	
   2.8950000e+02	
   2.9950000e+02	
   3.0950000e+02	
   3.1950000e+02	
   3.2950000e+02	
   3.3950000e+02	
   3.4950000e+02	
   3.5950000e+02	
   3.6950000e+02	
   3.7950000e+02	
   3.8950000e+02	
   3.9950000e+02	
   4.0950000e+02	
   4.1950000e+02	
   2.6950000e+02	
   2.7950000e+02	
   2.8950000e+02	
   2.9950000e+02	
   3.0950000e+02	
   3.1950000e+02	
   3.2950000e+02	
   3.3950000e+02	
   3.4950000e+02	
   3.5950000e+02	
   3.6950000e+02	
   3.7950000e+02	
   3.8950000e+02	
   3.9950000e+02	
   4.0950000e+02	
   4.1950000e+02	
   2.6950000e+02	
   2.7950000e+02	
   2.8950000e+02	
   2.9950000e+02	
   3.0950000e+02	
   3.1950000e+02	
   3.2950000e+02	
   3.3950000e+02	
   3.4950000e+02	
   3.5950000e+02	
   3.6950000e+02	
   3.7950000e+02	
   3.8950000e+02	
   3.9950000e+02	
   4.0950000e+02	
   4.1950000e+02	
   2.6950000e+02	
   2.7950000e+02	
   2.8950000e+02	
   2.9950000e+02	
   3.0950000e+02	
   3.1950000e+02	
   3.2950000e+02	
   3.3950000e+02	
   3.4950000e+02	
   3.5950000e+02	
   3.6950000e+02	
   3.7950000e+02	
   3.8950000e+02	
   3.9950000e+02	
   4.0950000e+02	
   4.1950000e+02	
   2.6950000e+02	
   2.7950000e+02	
   2.8950000e+02	
   2.9950000e+02	
   3.0950000e+02	
   3.1950000e+02	
   3.2950000e+02	
   3.3950000e+02	
   3.4950000e+02	
   3.5950000e+02	
   3.6950000e+02	
   3.7950000e+02	
   3.8950000e+02	
   3.9950000e+02	
   4.0950000e+02	
   4.1950000e+02	
   2.6950000e+02	
   2.7950000e+02	
   2.8950000e+02	
   2.9950000e+02	
   3.0950000e+02	
   3.1950000e+02	
   3.2950000e+02	
   3.3950000e+02	
   3.4950000e+02	
   3.5950000e+02	
   3.6950000e+02	
   3.7950000e+02	
   3.8950000e+02	
   3.9950000e+02	
   4.0950000e+02	
   4.1950000e+02	
   2.6950000e+02	
   2.7950000e+02	
   2.8950000e+02	
   2.9950000e+02	
   3.0950000e+02	
   3.1950000e+02	
   3.2950000e+02	
   3.3950000e+02	
   3.4950000e+02	
   3.5950000e+02	
   3.6950000e+02	
   3.7950000e+02	
   3.8950000e+02	
   3.9950000e+02	
   4.0950000e+02	
   4.1950000e+02	
   2.6950000e+02	
   2.7950000e+02	
   2.8950000e+02	
   2.9950000e+02	
   3.0950000e+02	
   3.1950000e+02	
   3.2950000e+02	
   3.3950000e+02	
   3.4950000e+02	
   3.5950000e+02	
   3.6950000e+02	
   3.7950000e+02	
   3.8950000e+02	
   3.9950000e+02	
   4.0950000e+02	
   4.1950000e+02	
   2.6950000e+02	
   2.7950000e+02	
   2.8950000e+02	
   2.9950000e+02	
   3.0950000e+02	
   3.1950000e+02	
   3.2950000e+02	
   3.3950000e+02	
   3.4950000e+02	
   3.5950000e+02	
   3.6950000e+02	
   3.7950000e+02	
   3.8950000e+02	
   3.9950000e+02	
   4.0950000e+02	
   4.1950000e+02	
   2.6950000e+02	
   2.7950000e+02	
   2.8950000e+02	
   2.9950000e+02	
   3.0950000e+02	
   3.1950000e+02	
   3.2950000e+02	
   3.3950000e+02	
   3.4950000e+02	
   3.5950000e+02	
   3.6950000e+02	
   3.7950000e+02	
   3.8950000e+02	
   3.9950000e+02	
   4.0950000e+02	
   4.1950000e+02	
   2.6950000e+02	
   2.7950000e+02	
   2.8950000e+02	
   2.9950000e+02	
   3.0950000e+02	
   3.1950000e+02	
   3.2950000e+02	
   3.3950000e+02	
   3.4950000e+02	
   3.5950000e+02	
   3.6950000e+02	
   3.7950000e+02	
   3.8950000e+02	
   3.9950000e+02	
   4.0950000e+02	
   4.1950000e+02	
   2.6950000e+02	
   2.7950000e+02	
   2.8950000e+02	
   2.9950000e+02	
   3.0950000e+02	
   3.1950000e+02	
   3.2950000e+02	
   3.3950000e+02	
   3.4950000e+02	
   3.5950000e+02	
   3.6950000e+02	
   3.7950000e+02	
   3.8950000e+02	
   3.9950000e+02	
   4.0950000e+02	
   4.1950000e+02	
   2.6950000e+02	
   2.7950000e+02	
   2.8950000e+02	
   2.9950000e+02	
   3.0950000e+02	
   3.1950000e+02	
   3.2950000e+02	
   3.3950000e+02	
   3.4950000e+02	
   3.5950000e+02	
   3.6950000e+02	
   3.7950000e+02	
   3.8950000e+02	
   3.9950000e+02	
   4.0950000e+02	
   4.1950000e+02	
   2.6950000e+02	
   2.7950000e+02	
   2.8950000e+02	
   2.9950000e+02	
   3.0950000e+02	
   3.1950000e+02	
   3.2950000e+02	
   3.3950000e+02	
   3.4950000e+02	
   3.5950000e+02	
   3.6950000e+02	
   3.7950000e+02	
   3.8950000e+02	
   3.9950000e+02	
   4.0950000e+02	
   4.1950000e+02	
   2.6950000e+02	
   2.7950000e+02	
   2.8950000e+02	
   2.9950000e+02	
   3.0950000e+02	
   3.1950000e+02	
   3.2950000e+02	
   3.3950000e+02	
   3.4950000e+02	
   3.5950000e+02	
   3.6950000e+02	
   3.7950000e+02	
   3.8950000e+02	
   3.9950000e+02	
   4.0950000e+02	
   4.1950000e+02	
   2.6950000e+02	
   2.7950000e+02	
   2.8950000e+02	
   2.9950000e+02	
   3.0950000e+02	
   3.1950000e+02	
   3.2950000e+02	
   3.3950000e+02	
   3.4950000e+02	
   3.5950000e+02	
   3.6950000e+02	
   3.7950000e+02	
   3.8950000e+02	
   3.9950000e+02	
   4.0950000e+02	
   4.1950000e+02	
   2.6950000e+02	
   2.7950000e+02	
   2.8950000e+02	
   2.9950000e+02	
   3.0950000e+02	
   3.1950000e+02	
   3.2950000e+02	
   3.3950000e+02	
   3.4950000e+02	
   3.5950000e+02	
   3.6950000e+02	
   3.7950000e+02	
   3.8950000e+02	
   3.9950000e+02	
   4.0950000e+02	
   4.1950000e+02	
   2.6950000e+02	
   2.7950000e+02	
   2.8950000e+02	
   2.9950000e+02	
   3.0950000e+02	
   3.1950000e+02	
   3.2950000e+02	
   3.3950000e+02	
   3.4950000e+02	
   3.5950000e+02	
   3.6950000e+02	
   3.7950000e+02	
   3.8950000e+02	
   3.9950000e+02	
   4.0950000e+02	
   4.1950000e+02	
   2.6950000e+02	
   2.7950000e+02	
   2.8950000e+02	
   2.9950000e+02	
   3.0950000e+02	
   3.1950000e+02	
   3.2950000e+02	
   3.3950000e+02	
   3.4950000e+02	
   3.5950000e+02	
   3.6950000e+02	
   3.7950000e+02	
   3.8950000e+02	
   3.9950000e+02	
   4.0950000e+02	
   4.1950000e+02	
   2.6950000e+02	
   2.7950000e+02	
   2.8950000e+02	
   2.9950000e+02	
   3.0950000e+02	
   3.1950000e+02	
   3.2950000e+02	
   3.3950000e+02	
   3.4950000e+02	
   3.5950000e+02	
   3.6950000e+02	
   3.7950000e+02	
   3.8950000e+02	
   3.9950000e+02	
   4.0950000e+02	
   4.1950000e+02	
   2.6950000e+02	
   2.7950000e+02	
   2.8950000e+02	
   2.9950000e+02	
   3.0950000e+02	
   3.1950000e+02	
   3.2950000e+02	
   3.3950000e+02	
   3.4950000e+02	
   3.5950000e+02	
   3.6950000e+02	
   3.7950000e+02	
   3.8950000e+02	
   3.9950000e+02	
   4.0950000e+02	
   4.1950000e+02	
   2.6950000e+02	
   2.7950000e+02	
   2.8950000e+02	
   2.9950000e+02	
   3.0950000e+02	
   3.1950000e+02	
   3.2950000e+02	
   3.3950000e+02	
   3.4950000e+02	
   3.5950000e+02	
   3.6950000e+02	
   3.7950000e+02	
   3.8950000e+02	
   3.9950000e+02	
   4.0950000e+02	
   4.1950000e+02	
   2.6950000e+02	
   2.7950000e+02	
   2.8950000e+02	
   2.9950000e+02	
   3.0950000e+02	
   3.1950000e+02	
   3.2950000e+02	
   3.3950000e+02	
   3.4950000e+02	
   3.5950000e+02	
   3.6950000e+02	
   3.7950000e+02	
   3.8950000e+02	
   3.9950000e+02	
   4.0950000e+02	
   4.1950000e+02	
   2.6950000e+02	
   2.7950000e+02	
   2.8950000e+02	
   2.9950000e+02	
   3.0950000e+02	
   3.1950000e+02	
   3.2950000e+02	
   3.3950000e+02	
   3.4950000e+02	
   3.5950000e+02	
   3.6950000e+02	
   3.7950000e+02	
   3.8950000e+02	
   3.9950000e+02	
   4.0950000e+02	
   4.1950000e+02	
   2.6950000e+02	
   2.7950000e+02	
   2.8950000e+02	
   2.9950000e+02	
   3.0950000e+02	
   3.1950000e+02	
   3.2950000e+02	
   3.3950000e+02	
   3.4950000e+02	
   3.5950000e+02	
   3.6950000e+02	
   3.7950000e+02	
   3.8950000e+02	
   3.9950000e+02	
   4.0950000e+02	
   4.1950000e+02	
   2.6950000e+02	
   2.7950000e+02	
   2.8950000e+02	
   2.9950000e+02	
   3.0950000e+02	
   3.1950000e+02	
   3.2950000e+02	
   3.3950000e+02	
   3.4950000e+02	
   3.5950000e+02	
   3.6950000e+02	
   3.7950000e+02	
   3.8950000e+02	
   3.9950000e+02	
   4.0950000e+02	
   4.1950000e+02	
   2.6950000e+02	
   2.7950000e+02	
   2.8950000e+02	
   2.9950000e+02	
   3.0950000e+02	
   3.1950000e+02	
   3.2950000e+02	
   3.3950000e+02	
   3.4950000e+02	
   3.5950000e+02	
   3.6950000e+02	
   3.7950000e+02	
   3.8950000e+02	
   3.9950000e+02	
   4.0950000e+02	
   4.1950000e+02	
   2.6950000e+02	
   2.7950000e+02	
   2.8950000e+02	
   2.9950000e+02	
   3.0950000e+02	
   3.1950000e+02	
   3.2950000e+02	
   3.3950000e+02	
   3.4950000e+02	
   3.5950000e+02	
   3.6950000e+02	
   3.7950000e+02	
   3.8950000e+02	
   3.9950000e+02	
   4.0950000e+02	
   4.1950000e+02	
   2.6950000e+02	
   2.7950000e+02	
   2.8950000e+02	
   2.9950000e+02	
   3.0950000e+02	
   3.1950000e+02	
   3.2950000e+02	
   3.3950000e+02	
   3.4950000e+02	
   3.5950000e+02	
   3.6950000e+02	
   3.7950000e+02	
   3.8950000e+02	
   3.9950000e+02	
   4.0950000e+02	
   4.1950000e+02	
   2.6950000e+02	
   2.7950000e+02	
   2.8950000e+02	
   2.9950000e+02	
   3.0950000e+02	
   3.1950000e+02	
   3.2950000e+02	
   3.3950000e+02	
   3.4950000e+02	
   3.5950000e+02	
   3.6950000e+02	
   3.7950000e+02	
   3.8950000e+02	
   3.9950000e+02	
   4.0950000e+02	
   4.1950000e+02	
   2.6950000e+02	
   2.7950000e+02	
   2.8950000e+02	
   2.9950000e+02	
   3.0950000e+02	
   3.1950000e+02	
   3.2950000e+02	
   3.3950000e+02	
   3.4950000e+02	
   3.5950000e+02	
   3.6950000e+02	
   3.7950000e+02	
   3.8950000e+02	
   3.9950000e+02	
   4.0950000e+02	
   4.1950000e+02	
   2.6950000e+02	
   2.7950000e+02	
   2.8950000e+02	
   2.9950000e+02	
   3.0950000e+02	
   3.1950000e+02	
   3.2950000e+02	
   3.3950000e+02	
   3.4950000e+02	
   3.5950000e+02	
   3.6950000e+02	
   3.7950000e+02	
   3.8950000e+02	
   3.9950000e+02	
   4.0950000e+02	
   4.1950000e+02	
   2.6950000e+02	
   2.7950000e+02	
   2.8950000e+02	
   2.9950000e+02	
   3.0950000e+02	
   3.1950000e+02	
   3.2950000e+02	
   3.3950000e+02	
   3.4950000e+02	
   3.5950000e+02	
   3.6950000e+02	
   3.7950000e+02	
   3.8950000e+02	
   3.9950000e+02	
   4.0950000e+02	
   4.1950000e+02	
   2.6950000e+02	
   2.7950000e+02	
   2.8950000e+02	
   2.9950000e+02	
   3.0950000e+02	
   3.1950000e+02	
   3.2950000e+02	
   3.3950000e+02	
   3.4950000e+02	
   3.5950000e+02	
   3.6950000e+02	
   3.7950000e+02	
   3.8950000e+02	
   3.9950000e+02	
   4.0950000e+02	
   4.1950000e+02	
